0 26 25 36 35 12 15 17 11 37 16 49 47 34 8
1 2 20 32 9 28 50 5 43 21 41 45 13 30 23
2 1 20 9 28 30 23 21 41 13 43 19 50 10 48
3 34 41 24 29 28 46 39 33 5 44 30 48 50 43
4 50 37 36 48 31 11 15 13 35 26 46 41 10 23
5 19 28 21 34 9 32 24 39 44 29 50 6 10 3
6 47 21 19 5 49 48 17 9 28 34 10 23 12 43
7 49 35 47 25 16 14 46 26 15 11 37 42 6 48
8 12 17 19 21 49 35 36 5 0 32 45 3 29 34
9 21 20 19 5 2 16 28 46 6 25 1 43 34 23
10 50 29 48 32 45 43 13 23 44 39 41 47 36 34
11 15 29 35 37 48 46 27 26 42 41 36 39 13 4
12 8 0 19 21 35 6 20 49 9 17 16 37 15 11
13 23 37 43 50 48 46 41 32 44 10 34 30 42 39
14 25 16 46 24 34 37 15 39 28 11 7 9 5 13
15 11 29 37 27 35 46 39 42 48 26 13 4 41 34
16 25 14 46 9 34 49 28 7 37 5 32 10 20 0
17 47 8 26 24 6 45 48 22 50 49 46 41 36 43
18 20 2 38 1 40 22 47 27 31 6 7 30 23 28
19 21 5 28 9 45 20 6 34 29 8 2 12 24 13
20 2 9 19 30 1 13 43 31 37 23 5 32 21 28
21 19 28 9 5 45 6 34 2 29 10 12 36 8 20
22 26 35 36 17 47 11 27 42 15 32 48 43 4 37
23 13 48 43 37 50 41 30 10 44 39 34 29 46 32
24 34 44 41 5 13 46 3 50 23 32 30 43 14 39
25 14 16 46 34 28 0 44 5 9 41 50 7 39 3
26 35 36 22 0 11 45 48 37 50 17 15 47 32 10
27 38 15 40 11 33 35 42 39 37 26 22 44 36 43
28 34 21 19 5 39 46 29 44 2 25 30 43 23 13
29 50 10 11 15 48 13 39 44 23 28 34 43 5 45
30 46 43 33 40 41 13 23 34 37 20 48 28 2 39
31 20 4 50 2 49 9 7 22 1 48 8 18 36 17
32 10 43 13 50 37 23 5 45 24 42 47 39 48 41
33 40 44 30 41 34 46 43 13 23 42 37 27 48 39
34 46 41 28 44 39 33 24 43 5 13 30 37 48 23
35 26 37 11 36 22 15 48 42 27 46 7 0 43 4
36 26 48 35 50 41 10 13 4 46 43 23 39 29 37
37 13 43 23 46 41 48 42 34 35 39 11 15 32 30
38 40 27 33 18 30 35 46 22 9 28 0 39 47 1
39 34 42 41 28 48 46 43 13 44 50 29 37 23 10
40 33 30 38 44 46 27 34 41 43 42 23 13 28 9
41 46 44 34 43 13 37 39 48 33 30 23 50 24 10
42 39 43 13 37 46 48 41 33 35 34 10 11 23 32
43 13 23 37 46 48 32 41 30 10 50 42 33 34 39
44 41 33 34 46 13 50 40 43 39 23 10 29 48 24
45 10 21 50 19 48 32 29 26 23 47 43 17 36 5
46 41 34 43 37 30 13 44 48 33 39 16 40 42 25
47 49 6 48 10 17 43 32 50 23 7 45 26 29 36
48 50 23 13 43 10 29 41 46 39 37 36 34 44 47
49 47 50 48 7 29 6 34 43 13 16 28 10 25 23
50 10 29 48 13 23 43 44 39 32 45 41 36 37 49
