0 34 1 28 19 30 39 46 24 7 32 5 49 42 12
1 36 7 2 45 5 18 28 3 0 34 39 37 11 38
2 1 36 22 20 9 18 29 45 32 46 28 39 4 3
3 16 14 1 25 5 0 39 2 46 18 31 28 32 34
4 46 18 38 11 33 41 32 39 10 28 23 44 31 42
5 19 14 28 1 9 18 16 3 34 24 44 20 0 32
6 22 7 35 26 45 19 36 1 21 23 13 34 18 2
7 36 1 35 26 45 6 48 38 0 32 19 50 4 21
8 21 16 25 12 6 22 7 20 19 40 45 35 3 39
9 5 20 2 19 28 32 31 30 18 45 27 21 46 1
10 4 37 42 13 11 23 47 43 33 29 45 38 18 31
11 13 48 23 43 4 33 42 1 50 10 32 36 38 29
12 24 19 20 0 5 30 8 25 39 14 16 17 27 35
13 11 48 42 33 37 50 10 29 41 38 4 43 27 28
14 3 16 5 24 34 39 19 30 28 46 32 37 0 29
15 27 23 46 34 48 18 31 39 30 32 44 20 38 9
16 3 14 25 39 5 20 44 46 34 8 38 27 30 4
17 39 41 30 47 43 29 27 34 11 33 42 36 31 46
18 28 4 34 44 36 1 32 38 5 46 31 42 2 30
19 5 12 0 9 1 21 6 45 20 14 7 34 23 16
20 2 9 27 16 46 30 22 36 5 21 32 19 37 12
21 8 45 22 19 20 9 6 7 36 2 1 25 11 26
22 36 2 6 1 20 21 49 46 45 47 11 9 29 39
23 11 31 15 4 32 38 10 18 43 1 33 49 46 42
24 12 14 30 0 5 37 28 20 19 32 46 29 27 9
25 16 3 1 34 39 38 44 8 46 49 30 5 0 28
26 35 7 6 40 45 50 36 22 37 46 10 27 19 31
27 46 39 34 30 32 31 15 41 42 33 28 44 37 29
28 18 34 46 30 44 5 27 39 4 1 31 32 42 0
29 31 32 37 42 38 27 46 39 44 34 2 18 41 30
30 27 28 46 39 34 44 32 24 31 4 18 42 0 29
31 29 32 39 27 42 23 46 33 34 41 38 44 30 28
32 31 29 46 27 44 36 50 38 4 42 30 39 18 28
33 42 41 34 38 46 31 27 4 11 39 13 32 44 28
34 46 39 28 27 44 42 33 30 38 18 31 0 29 32
35 26 7 40 6 45 37 50 27 36 23 46 15 48 29
36 1 7 22 32 45 18 2 50 11 28 4 20 6 46
37 29 43 27 10 32 13 42 1 33 34 28 31 46 24
38 44 42 33 34 46 29 4 32 31 39 18 27 23 28
39 34 46 27 44 41 30 31 38 4 33 32 28 29 16
40 35 26 45 7 22 6 21 27 1 36 49 8 38 37
41 39 42 33 27 4 31 46 29 17 30 13 28 32 34
42 33 41 34 38 29 46 31 13 27 32 11 10 28 4
43 37 11 48 32 23 10 29 17 13 31 45 33 38 42
44 46 39 34 38 30 32 28 18 27 31 29 4 33 16
45 36 1 7 21 2 10 6 35 26 19 48 23 43 9
46 34 39 27 44 28 30 32 42 38 4 31 33 29 15
47 49 10 17 23 22 43 41 9 11 33 42 31 18 4
48 11 13 43 32 7 15 45 42 33 37 49 36 23 50
49 47 31 23 27 46 4 22 39 0 33 50 48 29 10
50 32 36 11 13 4 46 33 42 28 18 38 44 26 10
