0 3 12 47 14 24 16 28 48 8 17 23 11 40 32
1 19 36 45 35 21 26 33 7 37 29 13 10 6 31
2 9 20 16 36 17 14 21 6 19 12 28 45 10 13
3 0 47 14 8 16 24 17 12 28 25 40 10 23 48
4 23 50 15 49 43 48 11 32 24 47 17 0 14 40
5 34 22 32 4 18 20 43 41 23 46 50 30 49 48
6 7 21 31 29 13 36 10 45 37 19 14 35 26 9
7 45 21 31 6 10 37 35 29 19 36 26 13 12 14
8 16 28 14 3 17 12 10 0 38 9 25 47 40 24
9 2 16 17 8 14 28 20 36 6 21 10 19 12 40
10 31 37 29 7 14 6 45 12 36 13 8 21 35 3
11 48 43 50 32 23 24 4 15 49 0 17 47 16 3
12 14 0 10 16 8 17 29 3 28 37 31 24 7 21
13 37 31 45 6 21 7 36 10 29 26 35 19 14 1
14 12 17 10 8 16 3 36 37 0 31 29 28 24 9
15 4 50 23 48 11 49 32 37 12 14 24 0 43 10
16 8 17 28 14 9 12 3 0 47 10 25 2 43 38
17 16 14 24 8 28 12 3 9 0 43 33 48 36 23
18 1 42 28 3 39 22 34 25 5 19 24 47 45 7
19 45 21 7 36 1 35 26 6 37 13 29 31 10 9
20 2 9 43 48 24 32 11 28 50 16 13 6 12 17
21 45 7 36 26 6 19 35 37 13 31 29 10 1 14
22 5 32 34 18 20 2 39 19 25 42 26 4 36 13
23 4 49 11 50 15 43 48 32 24 0 47 14 17 3
24 17 48 11 50 0 3 43 14 25 23 12 28 4 40
25 47 3 24 8 28 16 43 40 0 32 17 48 38 11
26 35 45 21 36 7 37 19 13 31 29 1 10 6 33
27 40 38 30 3 8 25 41 46 0 9 33 44 28 47
28 8 16 17 12 3 0 47 14 9 25 32 24 40 43
29 31 37 10 7 6 45 36 12 14 13 21 35 26 19
30 46 41 7 27 21 45 12 26 3 1 35 33 42 37
31 37 29 10 13 7 6 45 36 14 21 12 35 26 19
32 11 48 43 23 47 49 28 50 4 15 0 16 3 24
33 36 46 17 14 1 21 7 45 8 26 6 35 24 31
34 41 5 42 39 30 22 49 4 50 18 46 43 48 44
35 26 45 7 21 36 37 19 29 31 1 10 13 6 33
36 45 21 35 26 6 19 37 7 29 14 31 10 13 33
37 31 10 29 13 45 7 6 36 14 35 21 26 12 19
38 8 16 47 49 3 27 44 9 25 28 23 43 0 11
39 42 41 34 1 30 18 7 45 33 22 46 13 44 19
40 3 0 28 24 8 25 27 16 17 47 14 9 23 48
41 46 34 39 30 42 33 40 27 38 44 9 1 49 20
42 39 41 34 46 18 1 30 44 22 33 19 5 27 40
43 11 48 4 23 32 24 50 47 17 49 16 25 0 28
44 38 45 21 35 36 26 19 1 27 13 7 10 41 29
45 21 7 35 26 36 19 37 13 31 6 29 10 1 14
46 41 30 33 40 38 27 42 8 1 7 21 9 14 44
47 3 0 25 32 28 16 43 49 23 8 38 12 48 11
48 11 43 15 24 23 32 50 4 0 17 49 16 3 12
49 23 4 32 11 15 50 47 43 48 0 38 3 16 28
50 4 11 23 15 48 24 43 49 32 3 0 14 17 12
