0 12 14 35 24 26 47 32 25 31 13 49 22 20 23
1 45 20 21 2 36 22 19 5 6 9 28 12 0 30
2 20 21 6 22 1 28 19 45 36 5 12 0 7 30
3 29 8 34 46 40 38 27 24 18 25 50 4 48 12
4 48 15 49 11 10 13 43 31 37 23 32 50 47 35
5 20 28 36 21 22 19 2 45 1 44 9 6 42 33
6 45 2 20 21 22 19 36 1 0 5 12 28 32 14
7 20 28 2 21 19 5 22 6 12 1 47 45 35 36
8 34 18 46 3 40 27 38 44 19 17 28 32 33 29
9 45 5 36 1 20 22 21 19 2 44 16 28 41 42
10 31 49 23 13 47 37 11 48 4 15 50 43 12 32
11 48 15 10 31 43 4 13 37 49 50 23 32 35 47
12 14 47 0 31 49 10 23 13 35 26 50 25 37 32
13 31 49 23 10 47 37 48 11 4 15 43 32 50 12
14 12 47 0 23 31 13 49 26 10 35 32 25 50 22
15 48 11 43 4 37 31 50 10 13 49 23 35 32 26
16 6 9 45 36 1 2 21 19 22 44 20 5 7 42
17 45 6 19 1 36 9 20 2 32 5 21 41 22 24
18 8 34 44 40 27 46 38 33 41 28 30 5 3 39
19 21 45 20 22 2 28 6 5 1 36 12 9 7 14
20 2 21 5 6 19 28 1 22 45 36 0 7 42 44
21 19 22 20 2 6 28 1 5 45 36 12 0 9 7
22 21 2 20 6 19 1 5 45 36 28 0 14 12 47
23 31 13 49 10 47 50 37 48 11 4 15 12 32 14
24 25 0 12 26 35 4 48 49 14 31 13 15 43 10
25 24 26 48 43 35 15 4 12 13 11 31 0 49 10
26 35 10 43 11 15 25 48 50 49 12 37 23 13 14
27 38 40 46 18 8 29 3 34 41 30 39 33 44 42
28 5 20 21 2 19 44 22 33 7 42 6 12 1 14
29 40 3 27 46 38 43 48 15 4 17 11 25 8 24
30 33 41 39 2 42 1 21 22 36 5 28 20 44 45
31 13 49 10 23 47 37 11 48 15 4 50 43 32 12
32 13 43 31 48 4 37 47 11 23 49 15 10 50 12
33 30 42 28 44 5 21 20 2 22 41 39 19 34 36
34 8 18 44 33 28 19 41 3 42 30 46 5 27 20
35 26 15 43 11 48 49 10 12 31 0 13 25 4 50
36 1 20 5 45 2 21 22 6 19 9 0 28 30 7
37 10 13 23 31 49 48 15 11 47 4 43 50 32 26
38 27 40 46 18 3 41 30 8 29 34 39 33 44 42
39 30 44 42 33 21 28 41 22 20 1 2 5 34 19
40 27 38 46 18 29 8 3 30 34 39 41 44 33 42
41 42 30 2 44 20 33 21 9 28 5 22 19 34 36
42 41 33 44 20 28 5 21 30 39 6 2 22 19 9
43 15 48 11 4 13 37 31 32 49 10 35 50 26 23
44 28 42 5 33 20 39 19 21 34 9 2 41 18 30
45 6 19 1 20 2 36 21 9 5 22 0 17 28 32
46 27 40 38 8 18 3 34 29 39 30 41 44 33 42
47 31 13 49 23 10 37 12 14 32 50 48 11 4 15
48 15 11 4 43 13 37 31 50 10 49 23 32 35 47
49 13 31 10 23 47 37 4 48 11 15 50 43 12 32
50 23 48 15 11 31 10 13 37 49 4 47 43 32 26
