0 14 12 17 7 36 25 35 24 6 26 37 49 43 10
1 5 22 2 18 28 21 46 9 19 8 4 30 20 13
2 18 1 39 9 34 8 22 21 25 46 29 41 5 16
3 24 25 36 19 8 13 34 18 6 28 21 29 11 5
4 13 11 10 19 35 48 26 37 50 36 32 15 46 45
5 21 19 1 18 45 13 28 25 22 4 36 8 34 23
6 7 36 10 0 11 13 4 26 3 32 19 37 18 48
7 36 6 0 37 49 17 14 50 12 10 32 26 48 47
8 34 25 16 41 2 21 3 13 17 44 5 1 49 4
9 28 20 22 21 2 45 1 23 16 5 15 29 25 8
10 13 32 11 4 23 36 34 37 31 48 46 6 47 50
11 13 10 4 15 46 34 32 19 48 28 37 41 39 36
12 14 0 17 35 26 7 25 36 24 16 37 21 3 47
13 4 10 11 19 32 48 46 36 34 23 37 31 15 5
14 12 0 17 35 26 7 36 25 24 37 21 16 3 49
15 11 38 46 4 13 30 40 48 41 44 39 29 32 42
16 8 25 21 37 50 31 2 17 48 28 5 32 10 9
17 12 0 14 25 49 7 35 39 8 36 26 31 37 40
18 34 46 40 30 41 38 44 5 2 28 23 13 19 4
19 13 4 22 5 45 11 49 20 46 18 3 10 36 29
20 22 28 19 9 23 45 5 15 1 29 11 13 21 4
21 5 25 9 28 16 1 8 2 23 18 3 48 14 45
22 19 20 45 1 9 5 2 28 49 8 21 13 11 47
23 10 13 37 20 29 18 4 34 48 28 32 46 11 31
24 36 3 0 25 13 14 12 34 41 17 8 10 32 48
25 34 17 8 28 21 0 16 5 3 41 39 18 11 13
26 35 50 4 14 12 45 36 31 43 37 11 7 47 17
27 39 38 42 46 30 44 33 41 15 40 29 18 4 34
28 46 20 34 9 25 11 18 5 23 21 40 41 1 13
29 42 46 31 23 38 13 15 4 41 39 30 19 40 18
30 46 41 40 38 34 44 39 18 33 42 27 15 11 32
31 50 37 44 13 36 10 29 48 32 4 35 34 26 43
32 48 10 13 11 34 4 46 37 44 31 15 30 40 41
33 40 42 30 44 39 41 38 46 27 34 0 28 17 29
34 41 46 18 44 40 30 8 38 25 11 39 13 10 28
35 26 14 12 4 36 50 0 47 17 31 45 37 13 48
36 7 6 13 10 0 37 31 4 24 35 11 34 26 3
37 48 31 4 36 13 23 10 50 7 32 11 34 35 26
38 41 39 44 30 46 34 27 40 15 18 33 29 11 42
39 38 44 41 27 40 46 30 34 42 33 11 15 2 29
40 41 44 30 34 46 39 33 38 42 18 15 32 48 28
41 38 34 44 40 30 46 39 33 18 42 11 8 15 25
42 46 27 33 40 39 29 30 41 15 34 44 38 11 18
43 50 31 26 0 7 35 14 10 37 12 13 32 45 48
44 41 38 40 34 39 30 46 33 31 18 27 32 15 48
45 19 22 5 4 26 20 9 35 15 11 13 18 50 28
46 30 34 42 41 40 18 44 38 39 11 27 13 28 15
47 49 35 10 4 19 26 7 13 32 37 23 11 6 36
48 32 37 13 4 46 34 11 10 15 31 44 23 40 36
49 19 17 47 7 34 13 46 25 8 0 4 10 11 31
50 31 26 43 4 35 37 7 13 10 48 32 16 45 36
