0 44 24 17 40 38 25 41 39 18 34 27 46 20 33
1 16 8 9 2 3 6 12 28 34 47 5 38 18 22
2 16 9 8 12 28 3 34 5 18 46 39 27 38 1
3 12 9 8 2 16 28 36 18 34 5 1 19 27 6
4 23 32 48 50 29 37 43 11 49 10 13 31 47 45
5 34 46 40 2 38 41 39 16 27 25 20 18 8 24
6 35 45 32 48 50 37 49 29 10 11 23 36 4 47
7 26 35 15 49 6 37 31 43 32 45 36 22 13 19
8 9 12 16 2 3 28 1 5 36 34 18 19 47 20
9 8 12 2 16 3 28 34 1 5 18 36 39 46 27
10 32 29 37 11 48 49 4 50 23 43 13 47 31 6
11 29 37 48 50 23 32 4 49 10 47 43 13 6 45
12 3 9 8 2 16 28 36 34 18 5 1 19 27 39
13 43 31 32 15 49 4 29 37 48 23 10 50 11 26
14 15 35 26 31 37 49 7 30 29 43 13 32 48 23
15 31 13 43 26 32 49 37 4 10 22 29 7 48 35
16 2 9 8 12 3 28 5 34 1 46 38 39 18 27
17 40 34 38 18 39 44 27 25 24 46 41 0 42 20
18 34 39 46 17 38 27 40 41 44 0 25 28 20 24
19 36 45 35 23 50 21 6 49 4 48 29 26 47 11
20 27 46 39 24 41 0 25 38 18 42 40 34 33 5
21 4 19 31 32 48 50 35 49 23 15 45 26 37 43
22 15 6 26 45 35 10 43 32 50 31 21 4 13 7
23 4 50 29 48 32 11 37 49 43 10 13 47 45 31
24 41 25 46 38 40 39 27 44 17 0 33 34 42 20
25 24 41 38 46 27 40 44 39 17 33 42 34 0 18
26 7 15 31 43 13 35 32 45 22 37 48 49 19 23
27 46 39 38 41 40 25 24 44 34 18 17 20 0 42
28 2 9 12 16 34 18 3 8 39 46 27 6 20 17
29 23 37 11 48 4 49 32 50 10 43 13 47 31 36
30 33 42 15 25 21 24 14 41 26 31 44 22 38 7
31 15 43 13 32 37 49 48 4 29 10 23 50 26 11
32 48 37 43 50 4 23 29 10 49 11 13 31 47 6
33 42 25 41 39 24 46 38 40 27 44 30 20 0 18
34 40 39 18 46 38 27 17 41 24 25 44 5 2 0
35 49 6 7 37 19 32 29 10 4 23 36 48 45 26
36 19 29 23 45 6 50 48 12 35 4 49 3 11 8
37 29 32 48 49 11 23 4 43 10 50 13 31 47 6
38 46 41 39 40 44 27 24 25 34 17 18 0 33 42
39 46 41 38 40 27 24 25 34 18 44 17 33 42 0
40 46 41 38 39 24 27 25 34 17 44 18 42 0 33
41 46 39 24 38 40 25 27 44 34 33 18 17 42 0
42 33 40 41 25 46 24 39 38 27 20 17 34 44 30
43 13 32 31 37 48 4 23 29 50 49 10 15 11 26
44 38 25 27 41 39 24 40 46 17 0 18 34 33 42
45 6 48 50 23 19 4 32 36 11 29 47 37 10 49
46 41 39 40 38 27 24 25 34 18 44 17 33 42 5
47 11 50 48 32 10 29 37 23 4 49 45 6 43 35
48 32 37 50 23 29 4 11 49 43 10 13 31 47 45
49 37 29 32 48 23 11 10 4 50 13 43 31 35 47
50 23 48 32 4 11 29 37 49 10 43 47 13 45 6
