0 7 36 16 12 45 5 35 25 14 3 22 1 18 50
1 45 50 5 37 9 19 48 18 36 28 44 30 43 40
2 20 48 11 21 28 39 19 22 31 40 34 9 5 38
3 6 43 24 50 21 23 20 9 48 39 38 49 30 8
4 23 11 10 44 37 15 43 39 30 48 49 20 32 40
5 1 14 36 9 2 16 19 28 50 37 24 45 21 22
6 21 3 19 43 37 49 15 48 24 23 13 8 30 11
7 36 0 12 35 34 28 47 1 45 50 5 25 31 14
8 21 24 30 39 17 10 6 38 37 34 11 15 14 28
9 20 1 23 21 2 5 11 40 17 50 19 39 38 37
10 11 4 43 15 48 37 50 30 39 44 49 23 46 8
11 48 50 30 37 10 15 43 44 4 34 39 31 40 32
12 16 0 7 34 36 14 25 24 39 18 2 5 11 31
13 35 48 15 47 43 37 32 30 22 50 21 44 23 6
14 5 24 34 28 42 40 12 39 16 7 33 0 8 32
15 43 37 50 23 11 48 44 4 49 10 32 13 31 30
16 0 12 5 1 9 24 45 25 14 22 36 37 18 34
17 37 39 30 40 9 38 15 44 1 33 32 43 20 31
18 31 40 28 44 33 39 24 37 1 11 21 48 42 19
19 21 22 43 37 49 1 6 48 2 15 23 9 50 18
20 2 9 22 48 39 11 4 40 38 34 28 17 50 42
21 19 6 48 37 43 2 22 11 18 9 23 15 1 24
22 19 20 48 21 2 50 13 1 36 9 49 32 45 5
23 4 37 31 15 43 50 32 24 9 48 11 30 49 21
24 39 23 40 28 18 14 38 30 44 37 43 21 2 1
25 28 2 37 1 16 7 24 0 12 39 5 9 38 6
26 35 31 15 36 32 47 45 23 37 43 1 13 44 11
27 46 41 47 42 33 26 35 38 44 40 15 10 13 18
28 39 30 18 44 34 38 42 24 2 1 37 11 40 48
29 37 30 15 47 50 44 43 28 11 49 48 26 35 7
30 44 38 32 39 34 42 37 40 11 28 33 50 43 48
31 18 23 32 43 44 50 37 48 11 40 33 30 15 2
32 30 44 38 33 50 40 42 39 31 23 37 48 11 34
33 40 44 38 42 32 30 18 39 34 31 37 11 1 17
34 42 30 38 39 40 44 28 11 33 32 2 37 50 48
35 26 36 13 47 45 7 31 23 15 43 50 0 1 29
36 7 35 0 5 1 45 26 47 22 50 12 2 21 19
37 43 15 50 30 23 48 49 11 44 1 31 32 4 19
38 42 44 39 40 30 33 34 32 28 24 31 11 48 2
39 38 44 30 42 28 34 40 24 32 33 11 48 18 4
40 33 38 44 42 39 30 34 18 32 11 24 31 48 17
41 27 46 35 26 47 4 44 42 3 40 13 25 24 38
42 38 34 40 44 39 30 33 32 28 31 11 18 46 20
43 37 15 48 50 23 11 31 30 44 10 19 49 4 47
44 38 30 40 39 33 32 42 34 37 28 18 11 50 4
45 1 50 0 35 36 9 5 22 37 26 7 16 19 11
46 27 44 42 39 33 38 4 10 40 30 41 15 47 32
47 43 49 35 13 15 29 44 37 30 36 26 7 48 10
48 43 50 11 37 15 2 39 30 31 44 32 21 13 23
49 37 15 43 19 47 23 4 50 6 48 10 17 21 22
50 37 48 43 11 32 15 45 1 30 44 23 31 10 40
