0 36 7 32 37 39 11 34 26 43 24 27 17 9 1
1 28 43 18 44 15 29 36 31 50 34 37 25 23 41
2 20 42 34 46 9 39 16 27 29 50 38 7 21 23
3 38 43 25 34 7 39 17 46 35 27 45 16 1 15
4 48 15 23 43 31 11 44 49 22 1 24 37 28 20
5 21 22 15 11 48 49 41 38 23 1 28 43 19 29
6 25 31 15 32 36 16 28 4 18 1 34 49 17 8
7 45 26 35 9 0 42 23 3 32 46 2 11 39 14
8 18 36 17 31 12 46 43 29 27 28 11 50 32 15
9 7 35 20 2 26 42 11 22 45 34 39 41 0 37
10 44 38 37 50 13 43 34 15 19 41 11 48 31 32
11 15 48 37 43 27 23 50 31 29 4 34 13 38 18
12 16 25 14 34 8 24 17 27 47 39 43 18 42 11
13 31 50 29 10 15 23 37 11 43 1 44 38 27 41
14 16 34 12 25 45 42 46 28 18 39 27 8 43 2
15 43 4 48 23 11 44 31 38 1 28 27 18 37 29
16 25 14 34 12 27 28 21 24 18 42 6 43 2 17
17 31 25 18 8 36 1 11 27 28 43 13 50 23 12
18 28 43 1 41 34 25 46 27 15 8 17 44 21 11
19 22 48 15 49 11 10 20 38 21 43 4 1 44 41
20 2 33 15 38 48 39 44 19 42 41 4 9 50 29
21 22 5 48 28 18 25 15 16 44 1 43 4 19 10
22 21 19 48 5 4 1 15 28 49 43 44 23 11 16
23 48 15 43 31 4 50 11 13 1 28 29 18 27 5
24 27 4 16 12 25 34 38 17 49 1 48 36 41 15
25 16 28 34 43 27 18 17 15 1 6 12 21 44 14
26 35 7 45 40 46 42 39 41 37 9 0 34 11 50
27 34 38 11 41 25 18 28 15 42 46 43 37 39 16
28 1 18 34 43 44 25 15 27 46 39 21 42 16 23
29 43 31 1 13 50 48 15 11 38 49 47 46 27 44
30 42 46 39 9 7 44 28 5 40 49 34 35 2 33
31 13 17 23 15 29 50 36 11 43 4 1 49 8 48
32 36 15 11 6 43 0 31 10 25 8 1 18 29 38
33 20 40 10 41 44 6 15 19 4 38 37 35 42 46
34 27 42 46 28 39 38 16 41 25 18 43 37 44 14
35 26 45 7 42 40 9 46 39 37 41 3 31 14 13
36 31 1 8 17 32 50 0 29 43 6 49 18 15 47
37 11 10 41 50 34 43 15 27 1 13 44 38 39 46
38 41 39 27 44 34 46 10 15 42 43 29 37 48 11
39 46 38 42 34 41 27 37 28 43 44 1 20 18 15
40 26 33 35 45 46 39 37 7 42 6 47 41 9 0
41 38 46 39 42 34 27 18 37 43 15 1 29 28 11
42 46 34 39 41 38 27 44 28 37 18 30 45 2 35
43 15 1 48 29 44 23 28 18 11 25 4 50 34 31
44 10 38 43 15 28 1 48 34 37 42 4 18 27 50
45 35 7 26 1 42 14 46 37 34 39 40 11 41 43
46 39 42 34 41 38 18 27 28 37 29 1 26 43 45
47 49 29 31 8 13 36 12 6 37 1 4 10 16 50
48 4 15 43 23 11 44 21 29 22 38 37 31 1 27
49 47 29 31 4 11 19 48 5 15 22 50 36 43 10
50 13 23 31 37 43 11 29 10 15 1 44 36 48 38
