0 14 25 44 39 24 8 12 46 47 27 6 49 31 42
1 30 41 38 40 18 34 50 43 32 7 17 15 23 4
2 21 22 28 16 5 6 20 3 24 45 39 42 44 46
3 24 25 16 42 2 21 31 22 39 46 44 8 0 45
4 23 43 48 29 50 6 11 3 25 13 15 16 31 21
5 21 28 22 6 7 20 2 36 45 16 26 44 24 8
6 5 21 2 16 17 28 43 25 48 0 7 22 4 29
7 26 36 50 5 23 15 11 22 17 29 21 48 6 43
8 39 27 44 46 12 16 0 47 20 42 24 3 45 35
9 45 2 22 21 19 5 20 4 28 29 6 10 46 42
10 37 32 13 31 49 11 48 2 16 24 14 4 29 47
11 15 29 48 26 50 23 7 13 37 43 4 6 14 36
12 27 20 39 44 8 46 0 28 16 14 34 42 25 19
13 10 37 32 11 48 31 29 15 4 16 49 23 26 12
14 0 12 47 7 24 44 8 39 33 25 46 28 16 11
15 29 11 48 50 26 7 23 43 36 13 6 17 4 5
16 21 44 22 2 3 8 39 6 45 25 28 24 27 36
17 36 6 7 26 29 25 0 48 5 15 50 16 43 24
18 0 1 30 38 10 16 41 25 42 40 33 17 31 32
19 26 27 36 39 35 44 20 12 8 33 45 5 17 16
20 27 12 28 39 44 5 46 2 34 8 22 45 42 21
21 22 5 2 16 28 6 45 3 7 36 24 20 44 33
22 21 5 2 28 16 36 24 7 20 3 45 6 26 46
23 50 48 43 4 29 7 15 26 11 36 35 6 5 33
24 3 25 0 22 2 31 16 8 21 28 45 39 46 47
25 3 0 24 16 6 31 44 48 46 17 49 42 8 43
26 36 7 35 29 15 50 11 23 17 48 19 45 16 5
27 39 44 46 12 20 8 42 16 0 19 47 33 45 34
28 5 20 21 2 22 6 16 12 24 39 44 3 34 40
29 15 11 48 50 23 26 4 7 43 17 36 6 13 33
30 1 41 40 38 18 17 32 34 43 13 50 15 2 36
31 49 10 47 24 3 44 16 25 0 45 39 13 8 37
32 10 37 13 31 16 21 2 49 22 46 8 44 4 24
33 44 42 16 46 27 7 39 35 8 26 14 36 21 28
34 40 20 12 28 36 27 39 38 5 6 8 44 7 25
35 26 36 45 8 19 23 33 16 27 44 7 47 39 5
36 26 7 35 22 17 5 16 21 45 50 19 20 43 34
37 10 32 13 11 31 16 48 29 49 4 15 2 21 22
38 1 40 41 34 30 18 7 28 50 25 21 33 11 23
39 27 44 46 8 12 20 42 0 16 47 3 45 28 24
40 34 1 20 41 38 28 12 30 27 42 36 7 39 5
41 1 30 40 38 18 42 17 43 34 28 4 20 2 6
42 46 39 3 27 8 44 33 20 0 24 2 12 25 16
43 48 50 23 4 29 6 15 7 36 25 11 26 5 17
44 39 27 46 8 12 20 16 0 45 33 42 31 3 25
45 44 21 16 2 39 5 35 22 36 20 31 26 8 24
46 39 27 44 8 42 20 12 0 3 33 16 24 25 31
47 8 39 31 49 0 27 44 24 14 3 46 45 25 35
48 43 29 23 50 11 15 4 7 6 26 25 13 17 36
49 31 47 0 44 10 3 25 39 46 24 8 16 42 2
50 23 48 43 15 29 7 26 11 4 36 17 35 6 25
