0 25 12 17 26 32 37 31 43 50 10 29 15 48 13
1 22 19 21 2 24 6 8 3 9 16 27 45 39 38
2 22 9 27 1 21 16 19 20 24 8 28 18 38 3
3 8 24 16 7 1 2 19 6 22 9 21 39 34 26
4 48 23 13 15 49 50 11 43 10 31 47 37 14 45
5 45 14 36 9 47 49 13 23 4 48 16 46 11 35
6 24 7 16 9 1 45 19 14 39 2 8 12 3 22
7 32 26 37 16 6 12 24 0 19 8 14 3 9 45
8 16 3 14 24 7 9 2 5 1 21 49 12 22 27
9 45 27 2 5 16 42 34 20 14 46 28 18 38 6
10 50 43 13 31 23 15 48 11 4 49 37 47 29 0
11 15 48 43 50 13 23 31 4 49 10 47 37 14 36
12 0 17 25 26 32 37 31 50 10 43 14 29 7 47
13 48 23 15 4 50 11 43 49 10 31 47 37 14 29
14 13 23 49 50 15 48 10 4 43 31 37 11 5 47
15 11 13 48 50 43 23 4 49 10 31 47 37 14 29
16 8 14 9 7 3 2 24 6 45 5 20 1 12 27
17 25 0 12 26 32 31 37 50 43 10 29 47 15 11
18 28 34 27 42 9 19 21 2 38 33 22 5 46 20
19 21 1 22 24 2 18 34 7 27 28 6 9 39 3
20 9 2 5 16 45 27 14 21 4 13 49 23 46 28
21 19 22 1 27 2 18 28 38 34 8 20 24 7 16
22 21 1 19 2 24 9 18 27 8 28 20 34 38 16
23 13 48 4 49 15 50 10 11 43 31 47 37 14 29
24 6 3 19 16 8 1 7 2 22 21 9 14 17 12
25 0 17 12 26 32 37 31 50 10 43 29 15 48 11
26 32 0 25 17 12 37 7 29 31 10 50 43 23 4
27 28 34 18 9 21 38 2 46 42 5 19 33 20 1
28 18 27 34 42 9 38 33 46 21 2 19 5 40 20
29 37 43 31 10 50 32 0 11 15 12 13 25 26 48
30 39 41 33 40 44 26 6 32 3 7 29 42 19 34
31 43 50 10 15 11 48 13 47 23 4 37 49 0 29
32 26 0 37 25 12 17 29 7 31 43 10 50 23 47
33 46 42 38 28 40 27 41 44 18 39 34 30 21 5
34 27 18 40 42 28 38 9 46 19 41 44 21 5 33
35 37 29 12 5 10 13 0 43 31 50 25 4 48 14
36 11 45 47 5 10 43 50 31 48 13 14 49 15 4
37 50 10 43 31 32 23 13 0 48 15 4 29 26 11
38 34 27 33 28 9 46 18 21 42 2 40 44 1 45
39 30 33 1 19 6 22 28 3 44 24 21 41 20 18
40 42 41 34 44 46 33 38 27 28 18 9 5 30 20
41 42 40 46 44 34 33 5 9 28 30 36 38 35 27
42 41 40 34 28 46 18 9 33 27 38 44 5 20 36
43 50 10 11 31 15 48 13 23 4 49 47 37 29 0
44 40 41 34 46 33 42 38 28 45 18 27 5 39 30
45 9 5 36 4 14 13 16 10 48 23 49 20 43 6
46 42 41 9 33 27 34 40 5 38 28 44 45 47 36
47 11 31 15 50 48 43 23 13 49 10 4 37 14 36
48 13 23 15 4 11 50 43 49 10 31 47 37 14 29
49 23 48 13 15 4 11 50 10 43 47 31 14 37 5
50 10 43 15 11 31 48 13 23 4 49 47 37 29 14
