0 8 17 14 12 16 26 25 35 39 45 36 30 46 47
1 5 36 7 28 18 22 50 24 19 25 45 37 2 48
2 19 5 9 21 22 1 20 36 6 33 23 42 41 32
3 24 25 5 28 38 7 50 1 31 4 16 49 32 10
4 11 50 37 10 43 48 42 44 38 29 23 32 24 27
5 1 22 36 2 19 7 3 21 20 50 18 28 25 31
6 19 21 26 35 2 22 45 7 8 1 9 36 28 43
7 36 1 35 5 50 48 24 22 26 15 3 31 11 29
8 0 12 25 17 6 14 46 45 19 36 39 44 24 4
9 2 28 19 22 10 38 23 34 1 32 5 43 6 24
10 4 29 37 15 50 11 38 43 48 31 23 28 13 34
11 4 50 37 48 10 43 44 24 41 13 42 31 27 23
12 14 0 8 17 25 45 40 39 19 27 44 11 26 41
13 15 48 50 29 31 37 11 23 10 4 43 32 35 47
14 12 0 17 5 25 8 45 22 3 19 1 2 31 36
15 48 13 50 31 29 37 10 32 43 23 4 47 11 18
16 17 25 0 24 5 1 37 30 3 10 39 4 43 11
17 16 0 25 14 39 8 12 34 3 37 24 11 44 26
18 20 21 41 50 1 48 37 5 32 28 27 23 15 38
19 22 21 6 2 5 45 1 36 9 20 43 31 18 23
20 18 21 5 50 11 4 2 15 31 43 19 41 22 33
21 22 19 18 20 2 5 6 50 1 7 48 37 43 9
22 19 21 5 2 1 36 7 9 45 6 31 50 20 43
23 43 50 32 29 37 48 38 44 34 27 42 10 41 4
24 3 25 44 11 4 27 48 1 50 38 7 43 37 5
25 16 24 3 1 17 5 10 0 8 37 15 14 18 34
26 35 36 45 39 6 46 7 0 30 34 37 27 50 13
27 44 46 41 38 40 30 37 50 43 23 39 32 11 24
28 38 1 10 32 34 23 37 46 42 4 9 44 50 40
29 48 23 13 37 15 10 50 43 4 31 11 34 32 44
30 42 41 46 38 39 40 44 27 34 50 37 43 32 23
31 50 48 15 13 10 11 29 37 4 23 32 43 5 38
32 50 23 37 38 48 44 34 40 41 15 27 43 4 28
33 42 41 46 44 27 30 43 40 39 34 4 38 2 37
34 39 44 40 50 37 38 32 46 41 23 43 30 48 28
35 26 36 7 45 39 50 6 13 47 44 46 34 48 37
36 1 7 26 35 5 45 22 19 46 50 2 37 11 28
37 50 48 43 32 4 11 23 29 38 40 44 34 15 10
38 28 46 40 39 44 30 32 42 37 23 50 27 43 34
39 46 40 34 38 41 30 44 37 43 27 42 23 50 32
40 46 44 39 38 41 34 37 30 27 32 43 42 50 23
41 44 30 39 40 27 46 42 37 33 50 38 32 34 18
42 30 38 41 46 33 4 44 40 23 11 43 39 32 50
43 23 37 50 48 4 44 38 10 27 40 11 29 39 32
44 41 27 40 46 38 34 39 37 30 43 23 50 32 4
45 19 36 35 26 1 5 34 22 11 10 44 28 46 6
46 40 39 44 38 27 30 41 42 34 37 33 43 32 4
47 49 15 50 35 48 13 38 7 27 31 37 4 39 43
48 50 15 37 29 13 43 23 31 11 32 4 10 34 18
49 47 50 32 23 43 4 11 37 48 44 27 38 39 31
50 32 48 23 37 15 4 11 43 31 13 38 34 29 44
