0 14 12 32 11 8 17 37 7 13 3 24 15 44 34
1 21 34 22 5 50 44 36 19 15 0 12 9 13 17
2 9 12 14 34 21 36 22 19 45 5 0 28 1 30
3 11 0 14 15 32 8 7 19 36 17 26 12 34 5
4 43 29 24 10 17 37 23 44 16 0 27 6 15 46
5 22 36 28 21 19 16 45 1 2 6 9 3 26 27
6 45 29 35 23 5 36 34 7 28 16 39 2 15 24
7 32 11 26 35 15 13 0 40 8 12 3 23 14 36
8 0 11 13 32 17 7 3 15 12 24 26 27 43 14
9 2 21 19 28 22 34 36 14 1 12 5 17 45 16
10 4 37 23 15 0 46 48 47 32 9 24 11 2 40
11 32 13 7 15 26 0 23 3 35 8 37 29 14 40
12 14 34 0 2 17 36 24 7 26 8 1 32 11 9
13 11 32 26 7 15 0 8 50 40 35 36 47 1 31
14 12 0 17 2 34 24 36 3 30 11 9 37 7 32
15 11 32 50 7 13 26 0 23 3 37 8 29 1 36
16 24 17 5 25 28 23 37 22 1 9 32 14 21 36
17 24 14 16 34 0 12 8 37 27 3 36 4 7 1
18 45 6 39 28 46 5 48 1 21 34 41 25 44 35
19 22 21 9 5 28 1 2 26 36 3 45 13 15 11
20 48 10 4 6 45 47 35 18 30 37 39 25 42 41
21 22 19 28 1 9 5 2 36 15 50 31 32 45 12
22 21 19 28 5 1 9 31 2 50 40 36 45 15 16
23 29 37 11 32 15 35 7 13 6 16 26 24 0 10
24 17 16 14 0 12 34 4 25 37 8 23 27 3 7
25 16 24 17 39 37 49 14 30 32 0 11 23 35 40
26 11 35 13 32 7 36 15 19 12 0 3 8 14 23
27 17 8 24 5 40 3 34 49 13 9 19 4 14 2
28 22 21 5 9 19 16 2 45 1 31 6 36 3 33
29 6 23 37 43 32 4 45 11 15 35 7 17 5 24
30 14 0 2 17 3 12 34 9 25 44 47 24 16 5
31 50 22 13 7 36 21 11 2 19 15 14 28 32 40
32 11 7 13 15 0 26 37 23 8 29 40 36 3 35
33 28 42 9 46 2 40 34 41 14 38 27 1 21 31
34 12 2 14 17 1 9 24 0 3 45 6 8 36 39
35 26 7 6 45 11 23 36 32 29 13 37 12 8 38
36 14 5 26 2 12 9 32 21 1 35 45 0 15 44
37 23 29 0 32 11 15 17 35 14 24 13 10 7 16
38 1 42 7 35 3 26 13 45 11 14 15 6 2 31
39 25 34 9 17 24 45 2 6 5 29 0 12 16 14
40 32 7 0 13 11 15 22 46 50 31 34 27 2 19
41 35 7 33 40 32 26 48 16 46 28 34 8 11 3
42 38 33 9 12 11 34 21 31 32 26 2 22 36 19
43 4 29 13 8 37 12 0 11 15 32 14 24 7 44
44 0 1 36 14 2 12 46 32 34 5 17 8 13 3
45 6 35 5 29 36 2 19 34 22 28 9 21 26 1
46 40 44 10 33 4 1 21 22 28 0 24 34 32 14
47 13 15 11 32 0 50 26 8 49 30 10 19 37 17
48 23 2 10 16 45 36 5 34 28 6 21 12 9 50
49 7 19 0 11 13 22 32 8 24 15 25 27 37 12
50 15 31 13 1 32 11 21 22 36 2 26 40 19 47
