0 36 35 8 13 45 15 17 25 26 7 48 22 5 29
1 5 22 23 28 31 3 15 48 29 49 39 43 37 10
2 21 19 12 9 7 16 20 14 17 25 44 50 36 27
3 43 5 1 39 23 28 31 46 24 48 14 11 15 21
4 29 48 15 26 23 45 35 13 32 10 36 43 31 1
5 1 22 23 15 28 3 31 48 43 39 37 49 10 46
6 29 45 49 23 48 22 47 4 10 1 15 28 37 12
7 36 16 26 25 19 13 35 2 45 27 4 29 15 21
8 17 19 0 20 16 25 21 35 14 22 24 36 45 2
9 20 19 21 2 12 50 28 14 17 44 40 11 22 45
10 32 23 37 15 48 31 29 43 41 13 28 5 4 42
11 43 48 37 31 23 32 28 15 42 41 39 33 29 5
12 21 19 2 14 17 9 25 20 24 6 3 22 44 28
13 15 23 48 29 44 4 43 10 24 14 42 33 41 32
14 24 19 44 25 12 43 17 13 46 21 40 39 20 3
15 23 48 29 10 43 13 31 32 4 5 37 41 1 39
16 7 27 8 20 19 2 25 44 24 22 36 31 21 46
17 21 19 25 14 12 22 46 8 28 24 43 13 39 11
18 34 38 30 50 2 12 6 21 27 8 19 45 0 22
19 21 12 17 2 14 20 9 22 25 8 28 7 43 3
20 9 19 21 14 25 8 16 17 11 24 50 12 44 37
21 19 12 2 17 22 14 20 9 5 3 43 11 28 1
22 5 1 21 17 28 19 49 37 47 15 46 23 45 6
23 31 48 15 10 29 43 32 37 49 13 5 1 4 41
24 46 33 14 31 25 13 44 28 5 41 17 23 3 48
25 24 17 14 19 7 46 20 12 21 16 8 27 44 37
26 35 36 4 29 45 15 7 13 32 48 23 0 43 10
27 16 44 7 41 25 33 46 20 9 40 42 2 13 50
28 5 1 37 42 11 41 23 31 46 10 48 22 24 3
29 15 23 4 48 45 10 26 13 35 32 31 43 1 6
30 18 22 38 5 1 47 31 6 49 50 21 39 23 34
31 23 48 15 37 10 32 49 5 11 41 43 24 1 29
32 37 10 48 15 23 31 29 11 42 41 4 33 43 13
33 41 40 42 46 44 24 37 39 31 11 32 13 28 10
34 18 38 0 50 35 26 6 36 45 30 8 3 1 20
35 26 36 45 29 4 0 15 13 7 48 32 23 11 8
36 35 26 7 0 45 4 29 13 15 48 32 9 8 2
37 32 10 48 31 23 41 11 15 33 28 42 5 29 46
38 18 34 30 2 27 44 16 7 22 50 36 21 12 0
39 43 41 42 46 15 5 33 3 11 40 1 23 31 13
40 33 42 46 41 44 39 13 14 28 11 24 37 32 29
41 42 33 46 40 39 37 23 31 10 44 15 43 32 28
42 41 40 33 39 32 37 28 11 46 10 13 31 48 44
43 11 15 23 39 48 3 31 10 5 29 41 13 14 1
44 40 33 46 41 14 13 24 42 39 37 27 32 11 43
45 29 35 48 4 26 36 15 23 6 10 32 1 49 11
46 41 40 33 39 24 44 28 42 37 5 14 31 13 17
47 49 22 5 23 31 3 29 48 4 1 15 45 43 10
48 23 15 31 29 10 4 32 37 13 11 45 43 49 5
49 23 31 47 48 5 1 15 10 37 43 29 13 6 22
50 9 20 2 27 16 45 34 30 31 48 18 36 35 49
