0 25 47 6 14 39 33 4 10 8 46 24 3 27 17
1 21 5 36 9 45 19 7 31 13 4 32 22 25 50
2 6 35 41 10 4 47 9 22 40 27 0 20 33 15
3 14 24 43 23 8 50 7 25 11 32 13 49 37 46
4 10 6 0 31 25 49 50 43 32 12 1 37 5 21
5 9 1 36 21 24 7 32 31 50 37 12 29 13 6
6 24 25 14 17 10 7 20 39 0 16 36 4 43 33
7 43 17 24 32 12 37 14 50 36 8 6 23 3 16
8 39 16 17 20 33 14 46 12 24 3 7 27 36 45
9 5 21 1 36 7 24 12 45 14 6 19 17 8 3
10 31 47 6 48 14 15 4 23 0 39 13 37 25 43
11 32 43 49 23 3 50 37 14 7 26 31 12 17 36
12 17 7 8 20 43 32 16 50 39 14 24 33 26 36
13 48 31 37 15 50 23 43 32 3 5 1 7 14 26
14 33 39 17 16 8 24 46 3 20 7 6 43 23 37
15 48 13 31 10 35 37 29 23 3 47 26 50 6 14
16 20 17 8 33 39 14 46 12 29 7 37 6 24 45
17 20 16 8 12 14 39 7 33 24 46 6 45 43 37
18 28 44 36 1 35 34 38 21 2 19 5 3 32 30
19 21 45 36 26 1 22 5 16 9 8 17 20 39 7
20 39 16 17 33 8 46 14 12 6 45 22 7 29 27
21 1 19 36 45 9 5 22 7 26 17 12 25 8 32
22 20 45 39 21 36 6 33 19 46 17 26 8 16 1
23 43 32 50 37 29 13 24 14 3 26 7 11 31 10
24 25 32 7 14 6 3 43 17 37 8 23 50 5 12
25 0 24 6 47 3 14 4 32 43 39 8 7 21 17
26 32 36 43 19 23 45 7 12 14 50 24 17 8 21
27 33 46 8 39 16 14 17 20 3 41 42 0 24 47
28 44 18 30 40 1 35 38 34 36 5 4 21 15 2
29 37 23 16 43 24 50 32 17 7 14 12 8 20 5
30 28 41 34 40 44 38 2 12 9 42 17 18 32 7
31 10 48 13 15 37 23 47 4 6 5 43 1 14 50
32 43 23 24 50 37 7 26 11 12 13 36 14 5 29
33 39 46 20 14 16 8 17 27 42 12 0 6 22 41
34 30 38 40 42 18 12 44 41 28 7 45 32 36 43
35 15 31 36 45 48 10 2 29 19 37 11 13 6 4
36 45 26 19 21 5 1 7 32 6 8 24 12 9 22
37 29 43 50 32 23 7 13 24 14 31 16 17 12 3
38 40 30 41 34 27 46 42 3 24 33 7 8 12 14
39 33 46 20 8 14 16 17 12 6 0 27 45 22 42
40 41 30 38 42 28 25 34 1 3 9 44 5 2 46
41 40 30 46 33 27 38 42 14 39 2 22 6 9 7
42 46 33 39 8 40 27 14 20 0 16 41 47 24 3
43 32 23 50 7 37 24 26 12 14 3 11 13 17 29
44 28 18 30 40 1 9 5 34 38 41 12 49 21 4
45 19 36 21 17 26 1 20 16 39 8 22 6 12 9
46 33 39 20 14 8 16 17 42 27 3 6 0 22 12
47 0 10 25 31 6 14 48 46 39 3 33 24 27 42
48 13 15 31 10 37 23 47 3 35 24 1 29 46 39
49 50 11 43 3 4 32 37 7 12 23 5 31 24 13
50 43 23 32 37 49 7 13 12 3 24 14 29 11 26
