0 25 7 24 3 35 10 29 8 14 48 17 50 47 40
1 30 41 28 20 23 11 33 13 44 42 15 50 32 36
2 20 19 45 26 21 35 22 47 46 5 0 9 32 18
3 25 17 14 0 8 7 44 50 35 10 39 18 46 16
4 48 23 50 32 6 29 10 11 15 31 25 21 17 8
5 36 16 6 21 45 19 9 22 8 17 31 28 13 10
6 17 21 31 25 5 4 10 45 48 22 23 9 13 50
7 25 0 14 48 34 35 10 39 8 3 18 24 43 12
8 16 14 7 3 5 10 12 17 25 29 4 50 0 9
9 21 5 17 45 22 6 36 19 16 24 3 10 8 31
10 50 48 23 29 17 31 37 6 24 4 25 7 15 11
11 15 48 50 23 32 29 37 4 10 43 13 25 31 49
12 16 39 14 34 46 44 38 7 8 42 18 27 35 29
13 31 23 6 36 21 45 11 48 5 10 17 29 4 50
14 12 16 39 7 8 34 46 3 18 25 44 24 43 10
15 11 37 29 48 50 32 23 10 4 43 31 17 6 13
16 12 14 5 39 8 34 46 7 10 29 17 9 36 44
17 6 10 24 21 25 50 3 31 9 22 45 48 5 7
18 39 46 38 34 44 21 14 7 45 25 12 35 42 26
19 21 22 45 36 5 26 9 35 6 17 18 16 31 13
20 46 28 0 14 7 33 34 47 42 12 8 44 41 16
21 22 19 6 17 9 45 5 36 18 31 10 24 25 13
22 21 19 6 9 45 17 5 36 24 10 34 48 18 31
23 4 48 10 50 11 29 15 32 31 6 13 37 49 43
24 17 10 48 50 0 7 25 31 21 22 6 14 34 9
25 7 0 6 48 17 29 3 10 50 34 14 24 4 21
26 36 45 19 35 18 14 39 21 12 22 7 8 16 13
27 44 42 46 39 41 34 12 38 18 14 3 22 16 24
28 34 5 39 21 30 16 41 18 6 4 12 23 48 25
29 48 15 10 37 50 23 11 25 32 4 43 34 6 16
30 41 1 28 33 42 6 20 23 46 32 11 10 48 15
31 13 6 10 48 17 23 21 4 24 50 5 36 7 29
32 11 15 4 37 48 29 23 50 10 49 43 6 25 31
33 34 46 6 42 17 3 18 9 44 24 8 20 49 25
34 39 12 46 18 7 14 44 25 16 42 28 48 29 27
35 7 26 19 3 0 18 39 12 36 14 45 34 25 46
36 5 19 26 45 21 13 9 22 31 16 6 35 24 7
37 15 29 32 10 11 48 23 50 43 25 31 17 6 4
38 39 46 42 18 40 12 14 27 34 44 16 7 26 3
39 46 12 18 34 38 14 44 16 42 7 27 40 3 25
40 38 39 46 42 0 18 3 34 12 24 25 44 14 27
41 30 44 27 28 42 48 17 23 46 6 1 25 7 39
42 38 39 46 27 44 34 12 18 14 16 40 41 28 0
43 7 29 10 49 48 37 14 50 23 11 15 25 32 4
44 39 27 46 18 42 41 34 12 3 14 48 50 16 29
45 19 21 5 36 6 9 26 22 17 18 13 39 16 3
46 39 38 18 34 42 12 27 44 14 16 47 7 3 40
47 14 46 7 29 31 0 12 10 49 37 8 25 39 13
48 4 50 23 11 10 29 15 25 31 7 32 24 6 17
49 43 48 23 24 17 32 11 50 4 7 25 10 31 29
50 48 10 11 23 15 29 4 17 25 24 32 31 7 6
