0 13 7 23 48 24 6 8 50 14 10 29 32 49 17
1 25 21 36 19 22 14 20 35 26 16 7 45 9 31
2 18 28 34 40 11 1 17 37 5 39 46 44 33 38
3 16 50 48 10 31 14 29 23 6 21 19 42 32 13
4 15 43 37 11 10 32 31 50 29 23 48 49 13 16
5 28 40 27 30 34 39 38 44 18 37 24 42 11 0
6 7 50 48 14 13 23 29 31 3 10 0 32 24 8
7 6 14 23 48 0 35 13 29 32 50 10 8 31 36
8 12 50 7 29 48 20 6 0 17 23 14 25 32 31
9 20 25 19 21 14 12 16 36 17 6 1 41 8 22
10 29 32 31 48 50 23 49 13 7 3 16 4 6 14
11 43 15 37 4 13 10 23 48 16 24 31 29 49 50
12 8 14 7 25 6 31 9 16 50 48 19 32 29 3
13 23 48 50 6 0 10 49 7 24 29 31 11 32 43
14 6 7 23 48 3 25 50 12 16 19 10 29 20 21
15 43 37 11 4 13 23 10 48 50 32 31 49 29 17
16 3 19 48 10 14 23 17 21 29 24 6 13 12 50
17 16 23 48 10 8 20 22 14 29 6 21 25 9 7
18 28 2 34 38 30 39 11 46 33 40 5 27 15 44
19 21 20 22 16 25 9 45 1 36 14 3 10 31 29
20 19 25 9 21 22 14 8 36 1 45 17 29 41 6
21 19 22 20 1 45 36 31 25 16 3 14 9 29 10
22 21 19 20 1 31 29 3 17 16 10 25 14 6 36
23 48 13 50 10 7 29 6 49 0 32 24 14 3 31
24 13 23 48 0 16 6 41 3 10 29 17 49 50 19
25 20 1 9 19 36 35 14 21 12 26 45 29 31 8
26 35 36 45 14 7 25 1 32 6 20 50 13 29 31
27 42 39 30 28 5 38 34 31 40 11 37 46 43 15
28 18 38 34 30 5 27 2 40 44 33 39 46 11 0
29 31 10 32 50 48 23 6 7 49 13 3 8 14 16
30 38 28 34 27 33 39 5 40 46 18 44 37 11 0
31 29 50 10 32 48 6 3 23 7 21 13 49 14 22
32 10 29 31 50 48 23 7 47 49 13 45 14 6 3
33 34 38 44 39 46 40 30 28 18 22 21 27 5 42
34 38 40 44 39 46 33 28 30 18 5 2 27 1 42
35 26 36 7 25 45 14 1 6 20 32 13 23 50 19
36 35 26 1 25 21 19 45 7 20 6 14 9 12 31
37 15 43 11 4 23 24 13 17 16 27 10 48 30 5
38 34 40 46 28 39 33 30 44 27 18 5 42 2 41
39 34 38 46 33 40 27 30 44 42 5 18 28 41 2
40 46 34 38 44 39 33 5 30 28 27 2 18 41 42
41 24 19 20 9 45 6 21 16 3 46 7 42 25 40
42 27 3 31 16 39 50 19 46 21 41 10 43 12 44
43 11 15 37 4 10 13 23 48 31 24 32 29 49 50
44 34 33 38 40 39 46 28 30 5 22 42 41 37 2
45 21 26 19 36 32 25 20 35 10 6 7 1 29 31
46 40 38 34 39 33 30 44 41 42 18 27 28 0 2
47 49 32 10 13 23 50 48 14 29 31 0 7 8 3
48 23 13 50 10 29 31 6 7 49 32 3 16 14 0
49 48 47 23 50 10 13 29 32 31 7 6 8 3 14
50 31 29 48 10 32 23 6 13 3 49 7 14 8 16
