0 16 6 28 38 25 2 12 22 5 8 14 19 15 45
1 5 19 28 32 22 45 20 34 44 36 2 31 46 23
2 6 20 22 5 28 32 19 0 45 1 42 38 18 21
3 44 34 9 38 48 50 39 15 8 28 13 41 10 43
4 13 43 48 31 10 23 17 15 49 33 5 44 11 34
5 36 28 22 1 25 19 43 34 2 6 4 40 44 20
6 45 22 7 36 2 0 19 35 5 16 26 14 28 31
7 35 12 6 14 16 37 26 22 36 19 45 11 29 31
8 24 16 28 46 34 37 10 15 41 50 44 25 38 48
9 3 8 44 43 41 48 10 15 50 11 34 47 24 49
10 48 50 15 43 4 13 46 44 41 8 39 18 11 34
11 50 37 15 29 31 44 13 10 43 41 38 46 39 14
12 7 14 37 16 35 24 26 8 50 0 11 29 15 46
13 4 43 31 48 23 49 10 15 11 17 44 21 19 34
14 16 37 12 7 35 29 26 11 50 38 8 6 41 0
15 50 48 10 11 34 41 38 4 44 43 13 46 8 39
16 14 8 7 12 37 28 0 25 38 50 29 6 34 15
17 49 4 13 33 48 43 42 24 39 47 19 8 34 41
18 39 34 10 33 44 41 48 15 50 43 42 2 4 17
19 22 45 21 36 49 1 6 5 47 7 13 23 34 2
20 28 2 50 1 5 16 32 8 22 15 38 11 48 37
21 19 31 13 32 4 49 22 2 45 43 17 23 48 1
22 19 6 36 5 45 2 7 49 28 1 31 0 47 21
23 13 43 4 31 15 19 48 47 44 11 46 29 32 49
24 8 46 12 37 29 50 17 10 48 34 15 3 44 9
25 5 16 28 34 8 15 0 44 41 48 49 3 22 40
26 35 7 32 45 14 12 37 6 36 47 23 11 43 18
27 30 45 19 1 25 40 5 22 26 18 20 42 34 21
28 5 8 34 20 16 25 1 38 0 49 48 2 3 22
29 37 31 11 14 8 16 13 23 24 34 7 28 46 12
30 27 40 38 25 14 26 41 37 12 36 5 44 45 1
31 13 4 43 29 23 49 11 48 21 32 19 22 44 34
32 26 1 45 2 31 21 43 23 35 20 13 4 48 46
33 42 41 18 4 17 39 48 43 5 34 10 44 15 46
34 44 3 28 41 15 48 8 38 18 40 25 46 5 10
35 26 7 36 14 12 6 47 37 11 32 45 43 19 22
36 5 22 35 19 6 7 43 26 1 31 23 13 44 45
37 11 29 14 12 50 16 7 8 35 24 26 31 38 10
38 41 39 44 3 15 50 34 28 46 48 16 8 10 11
39 18 38 44 41 10 15 3 34 11 33 50 42 48 17
40 34 41 44 5 38 15 30 48 43 4 47 46 25 10
41 46 38 44 34 15 39 10 33 8 40 50 11 49 18
42 33 39 17 4 41 18 48 2 44 34 15 5 49 46
43 4 13 48 10 31 23 15 44 49 5 11 34 17 32
44 34 3 46 41 38 39 15 10 48 43 11 40 8 13
45 6 19 22 26 7 32 1 2 35 43 21 0 36 23
46 41 44 24 8 10 15 38 34 48 50 11 49 23 47
47 49 19 35 23 13 46 22 4 41 31 43 40 26 17
48 10 4 43 15 13 50 34 44 3 38 28 31 46 49
49 47 13 17 19 4 31 43 28 48 22 41 46 8 21
50 15 10 11 48 37 38 20 41 3 8 46 16 39 34
