0 34 22 3 31 48 25 12 14 44 28 49 36 16 42
1 5 19 45 22 21 6 36 20 9 32 29 14 7 8
2 18 28 19 5 44 21 34 16 14 39 25 12 41 20
3 42 40 0 25 48 13 27 44 34 31 10 43 2 30
4 10 48 43 13 31 37 20 9 15 14 50 47 27 19
5 21 19 16 28 18 20 2 22 34 12 39 25 9 4
6 7 45 49 36 26 5 35 47 0 46 12 15 10 20
7 6 36 35 26 49 47 45 31 37 15 10 50 46 0
8 31 42 40 10 3 36 25 15 34 0 48 17 26 47
9 20 39 13 4 19 43 18 29 34 44 3 23 22 21
10 48 50 11 15 13 31 32 27 4 46 43 42 40 37
11 48 10 50 15 31 37 43 13 32 27 46 25 26 44
12 28 14 34 0 2 16 18 37 5 44 21 3 31 4
13 10 43 11 27 4 15 48 25 42 50 3 44 9 40
14 12 2 0 37 4 28 31 20 34 21 19 16 5 23
15 10 37 48 11 50 40 43 31 45 42 46 29 13 23
16 5 18 21 28 25 34 2 19 20 12 0 44 11 39
17 24 37 15 13 11 36 25 3 10 42 43 40 8 23
18 2 16 28 34 21 5 19 44 25 20 41 12 39 22
19 21 5 28 22 18 2 34 20 16 25 9 36 44 37
20 9 5 18 28 22 21 19 16 4 39 2 34 13 3
21 19 5 28 16 18 2 20 22 34 36 39 37 25 11
22 19 20 0 21 5 32 28 36 48 45 34 24 18 9
23 31 15 37 29 44 39 9 13 2 20 11 14 7 41
24 17 27 48 43 30 15 10 11 22 40 42 37 13 32
25 34 44 16 18 28 19 13 43 0 3 11 2 41 40
26 35 15 7 11 36 50 48 10 6 46 32 37 8 39
27 40 30 43 42 44 13 10 48 50 11 34 15 24 31
28 34 21 18 5 19 16 2 12 20 25 22 44 0 39
29 15 32 13 50 23 43 9 27 10 48 31 30 11 42
30 40 42 27 38 41 48 43 46 10 15 24 11 44 13
31 48 10 11 50 43 15 23 4 0 32 36 27 46 39
32 48 10 11 50 31 29 22 15 27 45 0 43 13 36
33 41 18 2 38 9 16 42 30 44 12 23 29 34 43
34 44 28 18 25 16 0 2 12 19 27 21 5 43 31
35 26 7 15 36 45 32 6 11 50 48 37 10 38 39
36 7 45 31 15 22 10 6 50 19 35 21 26 0 48
37 15 11 50 10 23 47 4 48 14 17 21 19 43 31
38 41 30 42 40 46 27 18 48 2 33 16 39 47 43
39 2 9 46 42 31 44 20 48 21 28 18 43 23 40
40 42 30 27 3 48 15 43 46 44 10 38 13 41 34
41 38 30 42 18 25 2 33 46 40 13 43 27 44 3
42 40 30 27 3 38 15 48 43 10 44 13 46 41 39
43 48 27 13 11 31 47 50 40 15 10 4 30 42 44
44 34 25 18 27 2 40 43 42 0 13 48 28 39 3
45 15 6 36 50 10 43 32 22 48 35 7 31 19 11
46 48 10 40 15 38 30 42 11 39 27 31 43 41 50
47 43 48 37 49 7 42 4 27 3 40 46 38 15 6
48 10 43 31 11 50 15 32 27 4 40 46 30 42 13
49 48 7 47 6 0 10 50 43 13 24 19 22 27 11
50 10 48 11 15 31 32 43 27 37 45 13 36 29 26
