0 17 13 32 12 40 25 4 43 47 37 31 27 44 15
1 14 12 22 0 19 6 16 21 49 35 17 3 48 36
2 9 41 30 20 29 5 28 21 39 23 34 11 18 44
3 24 46 29 38 36 7 6 27 31 50 32 28 18 33
4 32 13 43 11 10 37 15 50 27 44 40 31 19 47
5 44 34 28 18 29 27 40 10 23 13 11 2 32 20
6 47 45 4 3 24 32 33 17 43 50 36 46 11 38
7 36 26 35 31 24 46 37 48 8 12 10 33 3 43
8 25 28 31 40 37 34 16 32 12 42 27 14 20 50
9 2 20 41 21 29 23 39 18 11 30 42 22 34 5
10 13 43 32 11 4 27 48 5 29 37 47 40 44 50
11 10 4 29 32 23 13 27 43 44 50 19 22 38 40
12 17 14 8 16 0 7 25 48 26 35 42 37 3 31
13 32 43 4 10 27 37 40 50 31 11 29 38 47 19
14 16 12 8 25 45 3 35 17 24 7 26 23 22 28
15 32 4 37 43 13 50 8 31 27 10 36 33 40 25
16 14 25 8 12 45 18 0 20 40 37 24 32 28 9
17 12 0 36 47 49 8 42 26 37 40 33 7 31 4
18 34 40 28 5 44 42 29 23 33 27 46 50 31 41
19 38 4 11 13 47 32 44 27 5 21 22 40 50 10
20 28 21 39 9 29 2 44 41 27 34 5 23 8 11
21 20 22 39 29 9 41 2 11 27 19 30 38 28 23
22 21 11 23 19 39 29 20 38 28 32 44 27 9 47
23 29 34 27 31 11 46 33 18 40 28 42 50 5 37
24 26 3 7 36 37 8 25 43 33 40 6 35 46 50
25 16 8 45 40 37 31 14 13 0 24 32 41 34 28
26 35 36 7 37 24 17 42 30 46 49 33 31 41 50
27 43 40 29 32 13 50 33 46 31 44 37 34 42 10
28 44 34 18 5 29 27 20 8 40 23 38 2 45 32
29 27 23 34 40 50 44 31 43 11 33 46 32 28 18
30 41 40 39 27 50 46 29 31 33 34 2 37 43 32
31 37 32 50 40 43 29 27 13 23 33 34 4 42 8
32 13 43 4 37 50 31 27 40 10 15 29 11 33 44
33 46 40 42 27 50 37 29 43 32 31 34 23 30 18
34 40 44 18 29 28 5 27 23 50 46 31 33 32 42
35 26 36 7 37 42 30 49 24 46 17 12 41 33 31
36 7 26 35 17 37 46 33 24 50 3 31 48 15 43
37 32 31 43 50 13 27 33 4 40 15 46 41 29 42
38 19 13 32 11 29 28 4 44 31 50 27 34 5 45
39 41 27 30 20 21 29 11 2 28 23 43 37 38 9
40 34 27 42 50 33 29 43 32 46 18 31 13 44 41
41 30 39 40 2 29 27 50 37 34 42 43 33 31 9
42 40 33 46 27 18 34 29 50 43 31 23 41 37 47
43 32 13 27 37 4 10 40 50 31 29 33 46 11 47
44 28 34 5 29 40 27 18 32 4 11 50 43 13 31
45 28 25 16 38 34 6 8 40 32 14 27 44 19 33
46 33 42 40 27 29 43 50 34 23 37 32 30 31 18
47 43 13 32 4 19 10 40 50 42 49 17 46 27 31
48 10 13 32 43 37 7 50 31 8 27 36 4 46 40
49 47 17 4 35 19 26 42 36 39 37 8 31 15 43
50 32 37 40 31 27 43 33 29 13 4 46 34 11 44
