0 8 24 12 16 25 14 27 23 7 34 11 46 32 15
1 30 42 33 38 28 44 39 22 18 41 27 34 20 26
2 49 26 33 28 15 43 30 32 18 11 25 31 0 22
3 6 37 19 21 43 17 45 22 31 48 50 47 4 29
4 29 50 13 37 11 43 21 23 48 31 22 19 47 45
5 6 36 45 19 21 37 22 8 16 14 7 35 27 12
6 21 37 22 5 43 3 48 19 31 9 36 7 50 14
7 43 14 6 24 23 50 31 21 11 0 9 16 12 48
8 16 46 0 27 34 14 41 40 12 25 5 24 15 9
9 21 6 7 22 27 16 17 19 36 25 34 46 4 8
10 13 29 23 36 11 50 32 16 4 27 22 46 19 6
11 23 43 50 32 24 4 31 13 29 10 25 21 6 7
12 0 16 24 14 8 50 27 7 22 6 19 34 11 21
13 29 10 45 4 50 11 36 23 48 6 19 43 31 37
14 16 8 7 24 21 46 12 6 0 27 47 19 11 43
15 32 16 46 27 25 8 0 24 26 7 50 11 49 23
16 27 8 46 34 14 0 41 12 25 7 5 15 9 24
17 3 6 48 9 37 47 31 4 45 21 29 12 19 24
18 33 28 42 44 39 38 12 40 1 17 3 24 21 30
19 45 37 21 6 29 3 5 50 22 4 48 13 14 47
20 34 38 26 27 46 13 17 10 44 41 15 9 29 1
21 6 43 50 37 19 9 22 31 14 3 4 48 5 11
22 50 6 43 36 21 37 23 31 29 48 19 4 45 3
23 11 43 50 32 10 29 24 22 4 13 7 31 6 0
24 0 11 14 23 12 25 7 43 6 21 32 50 31 16
25 32 24 11 43 0 34 16 50 8 46 14 15 27 23
26 49 15 32 13 29 50 35 43 10 20 23 39 37 31
27 46 16 34 8 41 14 0 12 9 15 25 5 10 32
28 18 44 30 1 5 38 6 39 42 33 36 12 3 2
29 13 4 45 50 10 48 37 23 43 19 11 22 6 47
30 1 28 42 44 49 26 48 13 23 32 33 45 20 43
31 43 50 48 11 6 21 37 22 4 23 7 3 29 13
32 50 23 25 11 15 43 29 24 22 4 10 0 31 7
33 18 1 38 6 28 2 42 39 17 44 30 43 48 3
34 46 27 16 8 25 41 14 0 44 12 40 9 5 24
35 45 37 47 29 5 43 16 3 8 50 22 40 48 21
36 5 10 22 6 13 50 45 21 29 11 31 23 19 9
37 48 45 19 6 47 50 21 43 29 3 4 31 22 35
38 17 12 20 1 18 44 5 27 33 36 6 28 34 23
39 24 18 4 23 26 28 1 34 50 43 21 29 33 48
40 8 34 16 45 46 42 35 41 29 4 17 47 13 27
41 8 16 46 27 34 40 44 25 9 35 15 4 17 10
42 18 40 44 1 30 19 45 5 28 10 13 48 22 33
43 50 11 23 31 48 32 21 6 37 7 29 22 4 3
44 34 18 28 41 46 19 42 8 9 10 40 16 27 38
45 19 29 37 13 5 48 35 6 22 47 3 4 36 31
46 27 34 8 16 14 41 25 0 15 9 5 40 10 35
47 37 48 50 45 14 29 4 21 19 6 35 3 22 43
48 37 43 50 29 47 31 6 45 4 21 13 22 19 17
49 26 47 50 11 32 15 31 23 10 13 29 48 2 4
50 43 32 23 11 22 29 4 37 21 48 31 13 47 19
