0 17 24 3 25 23 4 32 10 29 7 20 26 35 49
1 22 19 7 30 21 46 36 38 44 8 42 35 45 28
2 21 26 22 18 5 28 19 39 44 34 40 35 36 45
3 17 0 7 23 32 24 10 35 14 26 12 38 25 29
4 32 48 13 0 49 25 29 43 10 26 11 23 15 17
5 40 27 44 38 18 22 26 49 19 21 45 35 30 13
6 50 20 48 17 36 10 9 24 45 32 7 43 0 15
7 17 32 35 24 3 10 23 48 6 0 14 43 29 16
8 12 16 14 36 47 46 19 38 35 42 45 26 24 3
9 20 6 24 45 36 25 14 0 12 13 16 46 8 11
10 23 6 32 13 4 7 0 3 17 26 24 45 25 35
11 50 43 4 29 31 24 25 35 10 26 13 48 15 32
12 8 16 14 47 36 46 45 38 24 3 35 7 9 6
13 4 10 26 45 25 9 11 14 35 23 6 15 31 42
14 16 8 12 26 47 7 38 3 35 36 46 9 45 6
15 37 50 29 48 43 23 4 32 6 49 20 35 7 25
16 8 12 14 19 46 36 6 45 7 9 35 47 24 48
17 0 24 3 7 32 6 48 10 4 20 25 35 49 29
18 21 22 5 40 28 31 27 37 47 30 35 0 43 38
19 22 36 16 8 1 14 45 12 44 35 21 38 50 7
20 9 6 36 24 0 17 25 45 50 37 15 48 29 32
21 22 18 45 1 19 2 35 26 5 47 36 13 28 11
22 21 19 1 38 45 36 18 30 5 35 8 16 14 26
23 32 10 0 29 3 4 15 7 43 49 26 35 37 25
24 17 0 7 6 20 9 3 10 29 25 11 12 32 43
25 0 4 10 20 17 24 26 23 9 11 29 13 3 32
26 35 4 45 13 10 14 23 0 25 32 3 11 36 8
27 41 49 31 0 5 4 38 37 39 45 23 15 29 34
28 37 15 18 34 46 7 50 23 36 20 29 0 48 32
29 43 15 50 48 32 23 37 4 11 0 24 35 49 7
30 38 40 33 1 22 42 44 46 5 18 34 41 19 12
31 37 11 43 47 27 4 29 45 15 12 23 49 20 13
32 48 4 23 17 29 7 10 0 43 3 6 37 49 15
33 42 30 39 41 38 34 46 28 40 1 21 44 49 22
34 39 32 31 37 17 41 7 23 27 15 40 24 43 28
35 26 45 7 36 48 32 0 4 29 10 23 3 17 43
36 45 6 20 19 8 16 35 12 48 9 50 14 26 7
37 15 29 50 43 32 48 31 4 23 20 7 6 49 35
38 30 14 46 12 8 3 27 5 16 22 44 19 47 1
39 34 27 40 42 25 41 33 31 37 49 9 18 15 23
40 30 5 39 41 18 34 33 50 28 1 6 44 43 21
41 27 40 39 34 33 0 5 49 28 50 30 15 44 46
42 33 8 14 26 39 35 13 4 16 11 30 23 45 25
43 29 50 48 15 4 32 11 37 23 6 0 47 7 35
44 5 19 38 3 1 30 7 34 49 22 8 48 32 10
45 35 36 6 26 10 9 13 20 12 16 14 4 23 48
46 16 12 38 8 14 9 20 7 24 13 1 37 31 30
47 12 14 8 43 31 35 29 16 3 26 49 45 4 7
48 32 50 4 15 43 29 6 17 7 37 35 36 0 49
49 4 32 23 0 27 15 29 17 48 43 37 26 47 31
50 15 48 43 6 29 11 37 32 36 7 20 24 4 45
