0 25 17 24 7 23 16 8 6 49 14 13 3 4 12
1 19 5 21 36 20 14 9 3 16 12 22 4 35 24
2 45 28 18 13 6 49 26 15 21 11 44 39 41 38
3 12 14 46 16 7 20 25 6 36 23 8 42 13 24
4 37 32 29 31 48 10 50 43 23 11 5 14 0 24
5 14 20 16 1 21 19 22 12 4 7 36 17 37 3
6 25 13 23 24 49 7 3 8 0 17 16 12 11 48
7 14 16 12 13 25 3 0 24 49 23 6 8 17 15
8 14 7 17 25 12 0 16 6 3 13 20 24 37 23
9 21 22 19 24 7 1 36 6 3 12 16 14 20 25
10 29 50 32 4 37 43 31 48 23 15 11 47 0 5
11 15 48 23 31 32 37 4 50 13 6 49 24 7 29
12 3 14 16 7 46 25 20 8 24 5 36 6 1 42
13 49 7 6 23 25 11 24 8 3 0 17 16 12 14
14 12 16 7 3 5 20 8 46 36 25 1 0 24 23
15 11 7 50 37 10 31 48 29 32 21 13 24 23 6
16 12 14 7 3 20 5 25 17 0 8 24 46 6 23
17 0 25 16 8 24 7 6 21 22 13 23 20 5 14
18 28 45 39 41 2 38 40 44 27 19 30 47 26 22
19 21 22 1 5 9 20 36 35 16 14 24 17 4 0
20 16 5 14 3 1 12 19 46 21 8 17 22 35 7
21 19 22 9 1 5 17 24 20 16 6 15 0 36 25
22 19 21 9 5 17 20 1 16 36 37 0 4 6 14
23 48 6 25 13 11 37 7 0 4 32 49 24 3 31
24 25 0 6 7 49 17 23 12 16 13 21 9 3 14
25 24 0 6 7 17 23 49 13 12 16 8 3 14 48
26 36 35 14 45 5 16 20 12 7 13 46 1 34 3
27 38 39 41 33 44 30 40 28 42 18 46 26 45 2
28 18 39 40 44 45 2 27 41 38 21 47 33 19 30
29 10 50 32 4 37 43 31 48 23 15 11 47 17 5
30 41 44 39 40 38 27 34 28 18 2 45 5 9 33
31 32 37 4 50 48 43 29 10 11 23 15 47 5 24
32 4 37 31 50 43 29 10 48 11 23 15 0 47 5
33 46 27 3 9 24 42 39 37 20 4 1 23 12 36
34 46 3 42 12 36 35 14 16 8 20 26 9 25 7
35 36 26 3 20 46 19 14 16 1 12 49 34 6 13
36 35 1 14 3 46 12 7 19 9 26 5 16 6 42
37 4 32 31 48 29 10 43 50 23 11 47 14 15 16
38 41 44 39 27 30 42 40 18 28 34 33 2 26 46
39 44 41 40 30 38 28 27 18 33 21 45 2 22 9
40 39 44 41 30 28 38 27 18 45 21 22 19 47 2
41 44 30 39 38 40 27 18 28 34 45 2 33 42 26
42 46 3 12 34 38 14 36 16 20 43 17 7 13 8
43 32 50 29 4 37 31 10 48 23 11 47 8 42 14
44 41 39 40 30 38 27 28 18 45 33 2 34 9 21
45 2 28 18 26 49 13 40 19 41 35 15 21 44 11
46 3 12 42 34 14 16 36 20 33 35 25 8 7 13
47 37 31 4 10 29 43 8 48 0 32 50 14 1 17
48 37 4 23 11 32 31 10 43 29 50 6 16 15 14
49 13 25 7 6 24 23 0 11 3 16 12 17 8 15
50 29 10 32 43 31 4 37 48 11 15 23 5 47 8
