0 49 8 16 12 3 13 15 23 14 31 50 5 44 2
1 10 21 30 6 22 48 41 19 28 40 39 11 31 2
2 18 20 25 34 28 44 9 5 37 39 16 46 3 41
3 37 25 16 39 34 41 28 44 18 2 5 46 43 42
4 23 15 13 48 29 10 50 17 26 35 47 27 43 32
5 25 20 9 18 16 2 46 28 37 34 44 3 14 19
6 10 22 24 36 21 30 17 1 29 31 43 48 42 19
7 35 26 13 23 27 4 36 20 14 16 5 38 15 48
8 0 49 16 14 12 35 13 15 43 34 23 46 39 26
9 5 18 2 20 19 37 25 16 34 11 28 46 50 44
10 48 21 29 6 43 22 30 41 1 4 42 24 15 46
11 50 48 32 37 23 41 9 4 22 10 47 31 36 1
12 14 16 0 25 46 13 44 34 8 32 43 15 17 23
13 15 4 23 29 48 27 32 17 43 35 44 26 38 10
14 12 25 16 5 45 8 20 0 49 34 7 46 18 3
15 13 4 23 29 48 43 44 32 38 10 27 34 46 16
16 25 20 34 44 5 46 3 2 12 18 39 14 28 29
17 13 24 4 6 47 10 30 36 15 29 46 12 23 34
18 28 34 2 44 46 25 39 5 9 43 37 27 16 38
19 22 43 31 28 5 2 9 10 50 1 21 48 49 3
20 5 25 2 16 34 28 44 18 9 46 37 39 14 19
21 10 24 47 1 22 42 41 6 29 48 19 43 27 34
22 19 6 10 21 1 48 24 50 37 11 2 43 29 30
23 4 13 15 50 48 29 35 11 27 38 49 26 16 44
24 42 21 6 10 41 47 43 31 17 39 32 30 46 22
25 34 46 18 5 16 20 44 2 39 28 3 37 14 12
26 35 7 4 13 23 15 36 49 27 33 48 47 0 40
27 33 44 39 34 40 38 46 42 43 41 18 13 32 15
28 18 34 46 2 25 43 44 39 5 37 20 41 3 16
29 15 10 43 13 32 48 4 44 46 37 34 39 23 27
30 10 40 43 38 48 1 29 46 6 37 24 44 39 32
31 43 19 50 24 39 28 5 10 38 46 27 44 40 41
32 29 48 34 37 43 44 39 15 11 27 46 42 13 38
33 27 40 42 41 39 2 38 37 44 43 49 29 3 32
34 39 44 46 18 25 43 28 27 2 32 16 40 37 38
35 26 7 23 13 4 15 8 27 49 36 33 38 40 48
36 6 26 24 17 21 10 35 11 7 22 13 48 29 4
37 48 32 3 34 46 29 2 28 44 18 5 38 25 39
38 46 44 27 39 34 43 48 42 37 15 30 18 40 29
39 34 44 46 18 43 27 25 40 38 28 2 29 32 37
40 27 34 39 44 33 30 38 42 46 43 31 41 37 18
41 42 44 10 27 48 37 33 39 24 3 28 34 21 46
42 41 24 27 10 38 43 21 39 33 32 37 44 48 40
43 31 46 34 39 29 44 10 32 28 15 18 38 27 19
44 34 39 46 18 38 27 25 43 32 16 28 29 2 40
45 14 19 35 22 47 12 11 8 21 50 9 10 26 6
46 39 34 44 18 38 25 43 28 27 16 37 29 5 2
47 21 24 10 48 4 17 11 29 42 37 19 32 30 33
48 10 11 29 32 37 4 15 13 23 38 44 46 41 50
49 0 8 23 16 33 3 19 13 27 40 38 35 31 15
50 11 23 31 48 4 43 10 37 19 5 22 32 46 29
