0 16 14 3 17 25 12 8 24 37 4 15 20 6 2
1 19 5 35 36 7 50 11 8 26 14 9 2 16 6
2 20 9 5 7 50 24 16 8 37 14 4 48 3 25
3 12 0 25 17 24 8 16 37 4 14 20 9 2 48
4 37 25 24 3 17 31 0 8 2 16 14 10 20 9
5 36 7 2 19 15 50 20 35 9 8 48 11 6 14
6 8 7 24 36 15 35 5 48 17 26 16 14 11 12
7 36 35 26 5 50 48 2 8 6 14 19 15 12 16
8 14 12 16 17 6 3 0 7 24 26 5 36 2 9
9 2 20 14 5 16 8 17 3 50 24 12 25 4 36
10 31 23 29 43 13 32 48 11 37 49 4 15 2 24
11 48 13 43 23 32 15 29 5 49 50 10 7 47 6
12 8 3 17 14 0 16 7 24 25 26 20 5 47 37
13 29 32 23 11 48 43 10 31 15 49 47 2 50 6
14 16 8 0 17 12 26 36 35 7 9 19 20 3 5
15 48 50 11 43 32 5 29 23 7 6 13 47 49 8
16 14 8 17 0 3 12 24 20 36 35 9 2 26 25
17 16 8 14 12 0 3 24 25 4 6 37 9 20 26
18 45 22 46 34 28 33 44 30 21 1 27 9 41 40
19 36 5 35 7 14 1 26 16 8 11 20 2 6 9
20 2 9 5 16 14 7 24 50 8 3 17 12 26 0
21 22 35 45 1 39 36 41 38 19 26 7 40 49 44
22 21 45 18 32 29 1 36 13 35 26 43 38 31 6
23 43 48 29 13 32 11 10 49 31 15 50 37 2 47
24 25 37 4 17 3 16 0 8 6 2 12 20 14 9
25 37 4 24 3 0 17 16 12 8 2 14 9 20 6
26 7 36 14 35 8 16 6 47 12 19 48 17 20 5
27 44 42 30 41 39 2 25 43 4 50 9 7 34 40
28 41 30 44 34 40 33 46 38 42 39 20 49 5 18
29 43 13 23 32 48 10 11 49 15 31 50 37 2 5
30 28 34 33 46 44 42 40 39 41 27 38 2 9 24
31 10 23 43 29 13 37 4 32 48 49 24 11 25 15
32 13 43 23 29 11 48 15 10 31 50 49 6 47 5
33 46 44 34 30 42 41 40 28 39 38 19 27 35 36
34 46 41 30 33 44 42 28 2 39 40 24 9 27 35
35 36 7 26 19 5 14 16 6 8 48 50 17 1 11
36 35 7 5 26 14 19 16 6 8 50 15 48 17 2
37 4 25 24 3 31 0 2 17 16 10 12 8 48 29
38 42 39 28 44 30 40 33 41 2 31 46 10 27 21
39 41 46 35 38 33 30 27 28 34 47 2 44 24 8
40 41 33 28 30 42 44 38 34 43 25 46 23 24 2
41 28 34 39 44 40 33 46 30 27 42 38 49 1 21
42 2 38 13 34 44 32 43 30 33 27 29 40 11 23
43 23 29 32 11 48 13 31 15 10 49 50 2 37 7
44 33 28 41 34 46 30 42 27 40 38 39 50 5 49
45 22 18 26 4 21 10 32 6 17 37 31 16 1 13
46 33 34 44 30 39 41 28 19 12 5 36 42 8 14
47 48 15 26 11 17 12 13 49 16 23 29 14 32 43
48 11 15 23 43 13 29 32 50 7 10 5 49 47 6
49 23 43 29 48 11 13 15 32 47 10 50 31 7 12
50 15 7 48 5 2 43 11 23 32 20 36 8 14 35
