0 3 17 8 14 25 12 24 34 39 48 4 35 41 44
1 40 38 30 33 42 27 28 18 19 46 45 7 9 49
2 9 16 5 36 43 45 25 24 31 15 34 7 50 27
3 0 14 8 17 34 39 41 12 35 46 44 5 25 24
4 48 11 16 25 0 24 8 10 32 14 3 17 34 47
5 36 9 2 8 34 19 17 45 14 35 39 3 26 7
6 4 20 48 45 11 10 26 16 35 39 41 49 22 19
7 36 45 15 43 26 31 13 5 50 19 2 16 29 23
8 14 3 0 34 39 17 12 46 25 5 24 41 35 48
9 2 5 45 16 36 31 24 26 7 25 15 43 19 35
10 32 13 29 23 37 50 11 49 4 31 48 43 15 25
11 48 4 32 10 25 0 31 13 16 47 29 23 8 50
12 0 24 25 8 3 47 14 34 17 16 35 31 45 5
13 37 29 50 23 43 15 31 10 32 7 49 25 45 11
14 8 3 17 0 39 34 46 41 5 44 12 48 4 25
15 43 13 50 29 31 23 37 7 16 45 2 26 25 32
16 24 25 2 4 9 48 15 45 5 0 11 35 34 8
17 0 14 3 8 34 39 46 5 41 25 44 35 12 24
18 28 42 40 36 22 30 43 50 27 19 29 38 34 2
19 26 36 5 35 7 34 45 2 14 39 8 3 22 9
20 6 21 22 10 47 16 9 48 33 18 11 4 50 37
21 26 5 7 36 9 2 34 19 45 16 22 39 17 35
22 19 7 36 18 5 21 14 26 27 35 30 3 8 50
23 50 13 29 37 15 10 31 43 32 49 11 7 45 16
24 16 25 12 0 8 4 48 3 2 9 17 35 34 47
25 24 16 0 12 8 4 48 17 11 35 45 3 2 13
26 19 45 36 35 5 7 8 43 15 9 50 13 29 31
27 40 30 38 42 46 34 39 14 44 2 3 8 33 1
28 40 30 18 27 50 36 7 1 43 19 42 29 31 33
29 50 13 23 37 31 15 32 43 10 49 11 45 7 26
30 27 40 42 38 33 1 28 44 46 34 41 18 43 39
31 13 29 15 50 37 43 23 45 7 11 47 10 2 25
32 10 29 13 23 50 37 11 49 48 4 31 25 15 43
33 40 30 1 38 27 42 46 28 44 2 9 12 18 34
34 39 8 46 14 3 17 41 44 0 5 27 36 12 42
35 36 3 0 26 8 5 25 45 19 17 48 16 24 34
36 35 5 19 7 26 2 45 34 8 3 43 9 31 14
37 13 29 23 50 43 31 10 15 32 49 45 25 26 16
38 27 40 30 42 1 46 39 33 44 34 41 14 8 3
39 34 8 46 14 3 17 41 44 0 5 27 38 24 4
40 27 30 38 42 1 33 28 44 46 39 2 34 9 3
41 39 34 46 14 44 3 8 17 0 27 5 42 4 48
42 30 40 38 27 34 1 44 33 41 39 18 19 46 36
43 15 13 50 37 29 31 23 7 2 45 36 26 16 5
44 39 34 46 41 3 14 0 17 8 5 27 42 38 40
45 9 26 7 31 5 16 36 15 35 2 25 43 13 50
46 39 34 14 41 44 17 8 3 0 27 38 5 40 12
47 12 31 11 0 24 4 3 8 48 15 50 29 49 23
48 4 11 0 25 8 16 24 32 14 3 35 17 10 29
49 32 10 23 50 29 13 37 15 16 25 47 48 4 43
50 29 13 23 37 15 43 31 32 10 49 7 45 26 2
