0 15 32 48 6 8 11 12 16 3 13 14 7 25 23
1 47 26 23 19 35 31 10 11 48 21 50 37 32 15
2 22 6 33 19 21 16 12 17 24 14 36 32 30 44
3 8 14 17 0 34 33 6 32 16 15 12 7 44 27
4 43 29 16 24 25 14 13 44 17 12 8 7 27 30
5 45 26 28 43 39 4 35 16 29 1 3 2 12 21
6 22 2 15 32 0 50 48 37 19 31 49 11 13 23
7 8 17 12 14 25 16 32 15 34 23 11 13 10 0
8 7 12 17 14 25 16 24 3 29 33 13 0 27 44
9 45 39 43 5 4 28 20 40 35 41 24 31 37 47
10 23 31 48 37 50 15 11 32 47 49 1 7 6 21
11 48 32 15 37 23 10 50 31 35 47 1 26 0 7
12 14 8 16 27 44 30 17 7 33 24 13 0 2 29
13 29 32 17 14 15 8 12 4 0 7 49 6 16 43
14 12 8 16 33 44 17 7 13 32 21 4 3 43 30
15 32 11 48 10 23 37 31 50 6 0 49 47 13 7
16 12 24 14 17 8 2 7 4 43 0 44 32 13 29
17 8 7 12 24 16 33 14 13 25 27 3 2 32 4
18 28 40 41 42 38 39 36 34 21 17 50 22 10 15
19 22 2 1 21 32 6 26 36 16 33 50 49 8 7
20 45 43 4 38 29 34 44 27 30 21 5 42 46 18
21 2 22 33 32 14 50 19 1 15 11 23 36 37 31
22 19 6 2 36 21 49 50 32 33 17 37 15 31 23
23 10 50 31 37 11 15 32 47 48 1 49 7 21 6
24 16 17 43 8 12 4 29 14 13 2 7 44 25 30
25 8 43 7 17 4 29 0 14 16 13 24 6 2 3
26 35 1 48 47 11 15 19 33 21 32 31 37 10 50
27 30 44 12 33 17 8 14 46 16 29 2 3 4 38
28 18 39 41 40 42 38 5 36 46 50 22 20 45 49
29 4 43 13 44 8 25 12 14 24 16 17 7 27 30
30 44 27 12 33 14 46 38 34 17 2 16 8 29 24
31 23 10 50 37 48 15 11 32 49 1 47 6 21 22
32 15 11 48 10 37 23 49 50 31 0 6 13 47 14
33 14 2 12 17 27 21 44 8 30 3 22 26 19 32
34 7 12 3 30 8 17 14 44 21 47 27 35 4 43
35 26 11 1 48 32 47 14 50 15 37 12 21 19 33
36 22 50 32 49 21 19 2 15 6 11 31 16 14 17
37 10 23 11 31 15 32 50 48 47 6 49 1 21 35
38 46 30 42 44 27 18 12 33 20 22 34 28 39 41
39 41 28 40 18 38 46 5 36 9 42 45 50 31 22
40 41 39 18 28 36 42 22 6 11 38 0 50 46 48
41 39 40 28 18 42 38 36 46 20 22 45 50 9 21
42 38 46 18 34 41 17 30 27 28 44 47 3 19 2
43 4 29 25 24 44 16 14 12 17 13 8 7 27 2
44 30 27 12 14 29 33 43 4 8 16 17 2 46 24
45 9 20 4 43 5 31 29 39 50 28 25 1 41 2
46 38 30 27 44 17 42 12 16 3 29 7 8 22 26
47 1 23 11 10 37 48 32 26 15 31 35 50 7 49
48 11 10 32 15 31 50 37 23 26 49 0 35 47 6
49 32 48 50 31 15 10 22 23 37 36 13 6 11 19
50 23 31 10 11 48 37 15 32 49 6 36 21 22 1
