0 24 25 3 17 12 14 4 29 6 48 2 5 20 13
1 30 27 42 38 41 33 40 39 44 19 46 21 28 2
2 24 0 6 25 44 4 13 5 29 31 15 36 48 50
3 17 0 14 24 25 16 20 12 5 9 39 8 49 7
4 13 48 10 23 0 29 24 25 43 15 6 2 31 32
5 9 14 36 3 24 0 17 20 16 2 6 45 8 49
6 15 36 25 29 50 43 0 44 24 2 23 11 48 31
7 26 16 45 8 36 14 11 35 12 9 0 29 20 3
8 16 14 20 35 26 12 9 45 7 19 36 0 3 17
9 20 16 5 14 8 24 36 26 12 45 3 0 17 7
10 13 48 31 4 32 23 25 43 29 24 17 0 14 37
11 43 7 50 29 6 36 15 45 14 32 26 13 8 37
12 0 17 8 3 29 24 26 9 25 7 15 45 14 36
13 4 10 48 23 25 31 29 43 32 24 0 15 50 2
14 3 17 16 8 0 20 9 39 24 5 35 7 25 26
15 43 29 23 37 50 6 32 44 36 25 45 13 4 12
16 20 14 8 9 3 35 7 17 19 26 45 39 5 36
17 3 24 0 14 25 12 20 16 5 9 39 49 10 4
18 28 34 46 22 31 49 41 42 47 2 21 37 24 5
19 35 8 16 26 36 20 14 9 45 5 7 11 39 12
20 16 9 8 14 3 17 35 39 0 5 36 24 25 19
21 22 47 28 18 36 31 40 37 6 5 44 9 2 33
22 21 47 28 18 31 5 9 19 36 26 7 6 35 20
23 15 4 13 43 48 29 32 10 6 37 50 44 25 31
24 25 0 17 3 2 12 14 4 6 9 5 48 13 29
25 24 0 17 3 6 13 48 10 4 29 14 15 50 12
26 35 45 8 36 7 12 9 14 16 19 46 13 15 29
27 38 33 42 1 41 30 40 39 49 3 34 20 46 14
28 18 17 22 49 44 0 42 6 2 33 25 24 50 39
29 15 48 50 4 0 43 6 32 12 23 36 37 44 49
30 33 1 41 42 27 40 38 34 39 25 20 24 49 44
31 10 13 24 43 32 6 4 48 2 37 25 23 49 0
32 43 37 15 29 10 23 50 13 49 31 4 6 48 44
33 30 27 42 41 1 40 38 34 44 49 3 39 28 2
34 3 46 39 16 49 20 25 38 24 17 14 33 18 48
35 26 8 45 16 14 19 20 36 7 9 5 10 3 39
36 45 6 26 29 43 5 7 9 15 35 50 8 44 20
37 43 50 32 15 29 23 6 10 31 48 13 44 25 11
38 27 1 42 33 41 39 30 34 46 3 40 9 20 12
39 14 20 3 17 16 8 35 42 19 0 9 34 24 38
40 41 42 33 1 46 27 30 44 45 38 39 8 12 9
41 40 42 30 27 1 33 46 38 39 16 18 20 8 19
42 27 41 1 33 38 40 30 39 19 8 28 20 46 14
43 37 15 32 50 29 23 6 36 10 13 11 31 4 44
44 6 29 15 23 2 36 25 24 43 50 32 0 5 4
45 26 36 35 7 8 9 15 16 6 12 5 11 43 20
46 26 3 12 0 41 16 34 20 7 17 40 35 39 14
47 31 21 22 10 37 18 35 43 28 23 26 13 15 6
48 10 13 29 4 23 25 0 24 6 14 31 17 2 32
49 29 24 32 17 3 5 12 0 43 31 10 13 48 25
50 37 43 29 15 6 32 11 23 36 25 13 0 44 2
