0 25 8 37 17 16 2 14 46 44 28 19 3 29 15
1 36 50 3 4 32 22 33 25 49 23 15 0 2 41
2 20 9 17 16 5 14 25 19 21 28 8 0 48 15
3 1 25 33 28 23 15 44 0 46 34 12 11 37 4
4 50 48 15 43 10 11 37 23 32 13 39 1 28 49
5 17 21 9 2 14 19 28 8 16 25 20 44 45 23
6 35 49 26 36 50 27 37 30 13 0 15 10 8 39
7 11 48 37 24 12 31 16 15 29 43 28 13 8 39
8 44 9 14 46 28 17 15 0 25 39 21 40 2 37
9 14 8 2 5 16 19 21 17 20 28 44 34 46 25
10 32 23 15 37 50 4 13 39 26 41 29 28 49 43
11 48 7 37 31 4 12 39 15 43 29 27 18 45 44
12 11 7 37 28 29 48 25 8 44 39 3 0 15 31
13 15 37 50 29 31 23 10 39 32 4 43 49 35 48
14 9 16 8 5 2 21 19 0 20 45 17 7 25 44
15 37 23 32 10 50 4 48 13 43 39 29 31 8 11
16 14 25 20 2 17 9 21 19 7 0 28 8 5 15
17 25 28 5 2 8 16 21 19 0 44 46 15 9 20
18 42 39 40 38 34 46 44 33 27 41 11 37 29 32
19 21 9 16 17 2 5 14 45 22 8 0 20 15 25
20 2 16 17 9 28 8 15 19 14 25 23 21 0 22
21 19 5 17 14 16 2 9 8 45 20 48 28 7 22
22 19 49 1 4 36 20 21 50 2 47 8 17 15 6
23 32 10 15 50 37 41 13 4 39 27 30 48 17 25
24 7 37 48 4 41 25 43 28 16 30 50 46 17 39
25 17 28 0 46 34 16 44 2 8 3 33 42 40 15
26 35 37 10 29 50 23 49 43 6 13 32 39 47 15
27 39 40 42 15 46 37 18 11 23 32 44 41 34 33
28 25 17 46 44 39 8 34 42 40 15 10 32 2 5
29 31 37 13 15 48 39 35 43 11 10 7 46 26 23
30 50 41 23 10 13 49 37 4 43 26 6 32 24 15
31 29 48 37 13 11 15 7 39 18 4 12 43 0 45
32 23 10 15 50 39 37 44 42 41 33 13 4 46 28
33 41 38 34 42 40 39 18 44 46 32 25 10 3 50
34 46 38 40 42 44 39 33 18 25 28 37 8 17 41
35 26 29 37 6 13 10 50 23 32 15 49 39 47 18
36 1 15 50 6 4 49 22 10 13 43 37 23 3 32
37 15 29 10 39 13 48 31 23 43 11 32 46 7 4
38 42 34 46 33 40 18 44 39 41 32 28 25 27 43
39 46 27 40 44 18 42 37 34 15 28 32 33 29 41
40 42 34 39 46 18 38 33 44 27 28 8 25 41 32
41 33 39 50 23 32 30 10 38 18 42 27 40 34 24
42 40 38 18 46 34 39 44 33 32 28 27 25 41 37
43 15 4 37 39 29 50 11 13 48 10 7 23 49 46
44 46 39 34 42 8 28 38 40 18 25 32 33 17 37
45 48 19 11 21 14 31 8 4 9 7 15 2 5 17
46 44 34 39 42 40 38 28 25 18 8 37 33 27 32
47 49 26 37 29 13 35 43 18 31 10 22 15 12 11
48 4 15 37 31 11 29 7 45 39 43 32 23 13 24
49 37 47 50 10 6 13 15 22 32 4 43 26 36 1
50 23 15 32 10 4 13 30 41 49 37 43 1 39 26
