0 24 25 16 28 3 34 14 33 39 5 44 41 38 29
1 22 30 27 29 10 40 50 42 33 34 43 44 15 4
2 21 5 20 16 19 9 0 28 25 14 42 34 44 29
3 24 0 34 33 32 25 10 43 8 14 36 39 38 28
4 15 29 13 11 37 50 43 23 31 32 48 26 42 40
5 21 16 19 2 28 20 0 14 9 25 34 8 29 24
6 7 36 10 43 49 17 32 30 29 37 39 45 27 15
7 6 17 37 48 50 49 36 47 0 43 24 11 29 32
8 12 0 24 3 14 25 9 21 28 48 29 5 20 2
9 21 16 19 2 20 14 0 24 5 8 29 25 12 28
10 43 32 29 37 6 36 46 45 30 50 15 49 39 3
11 13 31 48 23 37 50 4 15 18 47 43 29 32 34
12 8 0 24 21 29 25 13 4 14 15 33 42 9 3
13 31 11 23 15 4 50 37 48 42 18 12 29 44 35
14 0 5 21 34 9 8 3 16 28 2 12 19 29 20
15 4 13 50 37 29 43 11 32 31 48 10 30 39 44
16 21 5 20 19 28 2 0 39 9 25 34 24 41 14
17 7 6 49 43 26 36 10 27 47 30 32 40 45 44
18 11 13 4 48 23 15 12 50 31 28 27 35 8 34
19 21 16 5 2 20 9 28 45 0 14 22 43 49 39
20 16 2 21 5 19 0 28 9 42 34 25 39 37 38
21 16 19 5 9 2 20 28 14 0 12 25 29 39 34
22 1 10 43 30 19 45 49 21 9 6 29 32 27 20
23 31 13 11 4 35 37 48 50 15 26 18 17 47 29
24 0 3 25 33 42 32 34 41 30 28 37 29 44 39
25 0 24 33 42 38 28 16 39 3 41 34 8 29 20
26 35 47 36 43 45 29 37 50 48 4 10 17 40 32
27 40 30 33 44 38 41 39 42 34 50 1 24 43 10
28 16 5 0 21 25 19 24 20 2 34 29 41 39 3
29 43 32 37 10 4 15 50 36 30 48 0 24 40 44
30 44 27 40 33 38 42 43 39 41 1 37 34 46 29
31 13 23 11 37 50 48 15 4 47 35 43 0 29 34
32 43 10 29 37 36 49 24 50 15 6 45 46 3 30
33 41 30 38 40 27 44 42 39 24 34 25 0 3 29
34 33 39 42 40 0 24 3 44 27 30 38 16 41 43
35 47 26 48 23 31 50 37 11 13 40 43 17 15 10
36 32 43 45 6 10 29 26 37 30 49 3 50 7 15
37 43 50 32 29 15 10 11 48 31 4 49 13 30 0
38 33 41 27 30 40 39 42 44 25 0 34 3 24 15
39 44 40 33 38 34 27 41 30 0 42 16 37 43 25
40 27 30 33 39 44 38 42 34 41 37 29 47 43 24
41 33 38 27 40 39 42 30 44 0 24 25 34 28 16
42 44 33 40 38 30 27 34 24 25 41 39 0 29 37
43 10 32 29 37 36 50 45 15 6 30 48 49 4 46
44 30 39 42 33 40 27 38 34 41 0 24 29 37 43
45 36 43 10 32 26 29 6 46 49 19 37 17 3 9
46 10 43 32 30 45 29 41 33 6 27 36 38 44 24
47 35 26 37 40 49 11 31 48 43 32 17 7 10 27
48 50 11 37 43 31 29 15 13 35 4 32 26 7 34
49 32 6 43 37 10 47 29 36 17 7 45 50 24 15
50 37 48 15 43 29 11 13 31 4 32 10 27 30 42
