0 25 48 37 8 41 3 46 15 44 6 7 24 33 38
1 2 43 23 29 16 14 13 4 45 21 19 36 9 3
2 1 14 16 36 45 29 43 27 19 9 4 13 23 17
3 0 17 8 34 24 29 48 14 1 18 46 43 15 16
4 43 29 13 23 16 1 11 14 24 2 12 32 10 19
5 9 18 20 19 21 6 36 22 41 45 46 34 38 14
6 25 24 5 0 9 21 17 48 13 37 23 3 1 15
7 47 41 46 44 38 8 26 34 24 45 39 48 0 35
8 41 12 46 34 0 33 39 7 44 14 17 48 26 30
9 21 5 36 22 6 20 1 2 34 19 45 14 24 18
10 32 50 31 4 48 7 43 11 13 47 37 44 29 24
11 31 32 13 4 23 29 22 43 6 12 9 21 20 49
12 41 8 46 34 38 14 20 33 17 39 21 44 7 47
13 43 29 23 4 1 11 16 6 7 2 48 24 17 25
14 2 16 36 1 17 8 34 27 26 46 41 45 39 35
15 37 48 50 0 8 25 24 12 3 39 6 41 18 35
16 14 2 1 17 4 13 29 23 43 36 8 34 3 21
17 16 14 24 8 34 46 3 21 25 6 39 41 12 7
18 46 5 39 38 24 30 44 7 34 19 3 41 33 20
19 45 22 5 36 1 20 24 2 35 26 18 21 9 41
20 5 41 19 12 9 8 39 18 46 14 36 44 34 17
21 22 9 36 25 5 6 17 1 24 12 19 45 14 16
22 21 19 9 36 45 5 41 34 17 24 11 7 1 12
23 29 13 43 1 4 11 16 6 2 19 24 35 14 45
24 6 25 18 17 29 46 7 38 48 19 0 3 21 43
25 0 6 48 24 21 37 17 15 3 44 46 1 13 7
26 35 36 45 7 14 8 47 41 19 0 34 2 5 15
27 14 2 42 34 16 1 4 40 8 28 36 45 33 41
28 39 27 46 19 15 33 20 18 14 41 24 37 8 38
29 43 23 13 4 1 2 24 16 3 11 45 48 14 19
30 46 38 41 34 44 18 8 39 5 33 12 3 24 6
31 32 11 10 50 6 9 48 22 13 7 21 25 37 29
32 31 10 11 50 4 48 6 13 37 23 22 7 41 29
33 46 39 41 8 44 40 34 0 12 30 18 7 47 48
34 46 8 41 44 38 14 39 7 30 17 12 33 3 5
35 26 36 45 8 47 14 7 19 41 37 3 34 5 29
36 35 45 26 9 14 2 21 19 22 16 5 1 7 34
37 15 48 50 0 8 25 41 6 24 12 7 39 46 35
38 46 30 34 18 7 41 24 12 8 0 44 47 5 39
39 46 33 41 44 18 8 34 14 7 47 17 48 12 30
40 44 42 33 46 8 34 41 0 39 25 30 7 18 27
41 8 12 46 44 39 34 33 0 7 20 38 30 14 48
42 40 27 2 28 1 44 25 33 23 43 29 16 14 30
43 13 29 23 4 1 2 16 24 3 45 6 11 48 14
44 46 41 39 34 40 7 8 33 30 0 18 38 12 48
45 35 36 26 19 2 14 7 1 22 5 34 29 21 41
46 38 41 30 39 44 8 34 12 33 18 0 7 47 14
47 7 46 39 35 26 8 38 12 41 48 33 50 44 37
48 37 0 15 50 25 41 8 7 24 46 39 6 3 44
49 50 29 13 37 43 48 11 23 15 31 32 35 47 10
50 48 37 15 10 32 47 49 31 7 29 13 44 41 24
