0 8 24 7 25 3 17 14 31 23 49 4 12 36 47
1 45 19 5 36 21 2 9 7 20 28 47 50 16 17
2 20 9 19 21 7 43 16 1 28 5 45 50 36 24
3 24 25 17 43 0 10 12 36 16 14 4 2 20 8
4 13 31 43 10 49 23 24 50 32 7 3 20 47 2
5 9 20 1 21 19 45 28 36 2 17 7 16 12 44
6 29 26 11 22 42 35 48 16 9 46 10 27 39 5
7 36 0 8 31 2 28 17 47 1 19 13 5 14 20
8 0 7 17 25 24 14 49 39 3 47 16 28 12 48
9 5 2 21 19 45 20 28 1 16 36 43 3 44 24
10 48 4 50 25 43 3 32 24 16 2 37 49 20 17
11 29 26 6 48 37 15 35 32 10 23 50 16 45 22
12 14 28 34 17 39 41 3 47 44 5 35 0 8 36
13 31 4 23 50 32 43 7 47 49 37 48 15 0 8
14 17 12 36 39 34 41 44 28 25 7 0 48 24 47
15 29 48 13 32 11 4 31 10 50 39 23 47 43 37
16 28 17 21 43 20 2 32 48 36 7 23 3 24 9
17 14 28 34 8 36 16 39 41 3 12 44 7 24 25
18 38 30 40 33 7 0 22 49 36 6 29 11 24 26
19 21 1 45 20 36 9 5 2 7 28 43 3 23 50
20 21 2 5 19 9 16 45 1 36 43 7 24 25 4
21 20 19 36 5 9 2 45 1 16 50 43 7 3 23
22 6 26 45 35 11 29 30 5 18 19 39 1 16 36
23 32 43 13 4 31 48 16 25 7 17 24 50 36 0
24 3 25 0 43 17 4 8 16 2 14 32 10 23 20
25 24 3 48 0 32 10 43 17 8 14 23 50 16 20
26 11 29 6 22 35 37 19 45 40 48 15 38 21 10
27 44 41 39 9 28 17 12 34 46 42 3 8 2 14
28 17 16 5 12 9 7 2 14 36 1 19 45 34 3
29 11 6 26 15 48 32 10 35 39 50 43 46 41 22
30 40 33 18 38 42 41 22 27 46 34 13 31 4 9
31 13 37 4 7 50 23 32 36 49 0 43 47 48 21
32 23 43 48 50 16 13 25 31 4 17 10 7 24 14
33 40 30 38 18 42 6 13 22 27 26 46 34 37 0
34 39 44 17 12 14 41 28 5 24 1 36 3 35 27
35 17 12 45 14 36 41 11 34 39 26 9 29 6 19
36 45 21 7 19 17 1 14 5 16 20 3 2 28 31
37 31 50 48 10 13 11 1 2 36 4 47 21 26 19
38 18 33 30 40 37 42 50 27 46 13 31 2 26 6
39 34 17 14 12 8 44 28 27 5 7 41 2 25 1
40 33 30 4 31 37 13 38 18 41 27 50 11 42 29
41 44 17 14 12 34 27 3 28 45 25 39 5 35 48
42 44 27 6 39 9 46 2 41 49 38 50 0 12 28
43 23 32 4 24 48 2 16 3 10 25 13 20 7 17
44 41 34 27 17 14 12 39 5 28 9 3 25 2 24
45 36 1 19 5 9 21 20 2 7 16 28 43 17 23
46 5 9 27 20 42 1 50 44 34 45 39 21 12 23
47 7 12 14 1 36 13 4 8 49 0 3 31 50 23
48 32 10 50 25 43 23 16 17 14 37 11 24 4 29
49 4 7 43 8 2 31 13 0 24 47 10 3 23 32
50 37 32 48 31 13 10 2 21 4 25 43 20 1 23
