0 25 16 24 4 8 38 30 33 44 46 42 40 34 13
1 18 39 28 5 21 45 19 36 35 22 9 23 20 26
2 20 16 9 22 14 25 24 46 19 21 5 38 10 36
3 17 23 29 8 11 6 37 49 0 13 24 4 10 42
4 29 37 10 50 0 48 13 11 15 31 32 23 8 43
5 21 9 20 36 12 19 22 16 2 7 45 27 28 13
6 47 8 4 29 34 49 3 48 32 7 37 45 0 43
7 26 35 48 31 8 44 33 4 43 10 45 27 11 15
8 0 34 31 24 7 4 9 6 50 30 47 38 32 3
9 20 21 5 22 2 16 12 19 36 8 45 46 24 38
10 41 4 24 11 50 29 37 38 14 23 44 25 15 33
11 29 37 23 10 17 4 13 49 41 15 48 24 0 38
12 5 16 9 20 0 25 33 21 36 46 24 38 19 4
13 43 29 37 4 11 15 0 10 50 32 46 48 44 25
14 24 25 2 10 41 16 0 4 30 38 29 49 20 13
15 48 29 4 37 11 23 13 32 10 31 7 24 8 17
16 20 0 2 22 9 12 24 36 25 19 14 5 21 4
17 11 29 3 23 33 41 8 10 15 13 37 44 30 4
18 1 39 28 19 5 21 45 36 2 20 22 23 35 9
19 36 22 21 5 2 9 16 12 20 14 45 24 4 0
20 2 9 16 5 21 22 46 12 25 36 38 14 10 24
21 22 5 9 19 20 36 2 16 12 45 8 24 27 15
22 21 19 36 9 20 16 2 5 40 46 24 12 28 37
23 29 37 11 49 32 48 10 15 17 4 45 3 13 43
24 14 10 25 0 16 2 46 40 8 41 30 42 4 38
25 0 24 38 14 46 40 2 16 10 30 33 42 20 12
26 35 7 47 4 45 15 50 13 32 29 34 11 31 6
27 42 38 33 44 40 34 46 30 41 0 7 25 50 24
28 18 1 39 5 22 12 36 21 4 35 20 16 0 7
29 37 11 23 4 13 10 49 48 15 17 43 32 3 24
30 34 33 38 40 42 46 44 0 27 41 25 24 8 10
31 50 4 7 8 48 15 43 32 13 44 10 0 37 27
32 50 23 4 29 15 48 37 10 31 13 8 0 11 6
33 30 38 42 40 44 34 46 27 0 41 25 10 7 50
34 30 33 42 38 41 40 27 44 8 46 10 0 50 11
35 26 7 13 43 31 15 36 39 27 29 5 45 11 4
36 19 5 22 21 16 9 20 12 2 7 45 31 6 4
37 29 11 23 4 13 48 43 49 15 10 32 41 50 17
38 30 42 33 27 40 34 41 46 44 25 0 10 2 24
39 18 1 28 5 35 45 36 47 26 7 21 19 22 48
40 42 33 38 30 46 34 27 44 25 0 24 16 41 50
41 10 38 34 42 11 14 30 33 44 24 27 29 0 17
42 27 38 33 40 34 30 46 44 41 0 10 24 25 11
43 13 37 29 48 4 7 31 11 0 23 6 15 49 8
44 33 46 27 38 42 30 40 34 0 41 10 50 7 25
45 23 7 9 29 15 26 21 5 37 6 2 8 48 19
46 44 33 38 30 42 40 27 25 0 2 34 24 20 13
47 6 8 49 26 0 7 4 13 37 43 44 50 34 15
48 15 29 37 4 7 43 23 32 11 31 10 13 49 24
49 29 37 23 11 47 14 6 10 4 48 41 24 3 15
50 4 10 32 31 44 8 34 13 33 38 27 37 29 40
