0 7 11 10 25 3 24 15 32 48 12 16 8 6 17
1 22 5 45 9 36 20 26 8 28 16 25 17 35 12
2 19 9 31 50 4 47 21 37 40 46 35 41 18 30
3 7 0 11 25 10 15 17 16 8 29 6 32 12 24
4 50 15 29 10 19 32 11 7 35 31 49 48 38 36
5 22 9 17 28 20 25 1 36 29 24 45 49 16 32
6 7 16 10 17 11 32 8 48 0 3 15 14 24 13
7 10 15 11 0 3 16 6 32 8 29 25 12 17 14
8 12 16 17 14 20 7 28 15 10 6 3 0 24 11
9 5 17 22 1 28 20 16 12 6 37 45 8 34 24
10 15 11 32 7 29 0 49 25 6 17 3 8 48 16
11 10 32 15 25 7 29 0 24 48 49 17 3 23 6
12 8 16 14 17 20 28 7 0 10 15 11 3 44 6
13 48 23 11 6 24 14 36 17 7 32 25 10 47 43
14 12 8 16 26 17 45 7 20 32 28 6 0 48 10
15 10 11 32 7 29 0 49 25 17 24 8 3 4 16
16 8 12 17 14 20 7 28 6 32 10 34 3 11 15
17 8 16 12 14 11 28 6 24 10 15 20 32 7 3
18 47 6 21 16 11 32 10 7 8 26 27 20 35 48
19 4 21 50 2 35 26 45 39 22 36 30 1 15 28
20 8 16 12 17 14 22 28 36 5 24 6 34 48 9
21 26 35 19 14 45 18 34 6 44 20 47 8 28 42
22 1 36 5 20 28 45 49 9 17 24 16 12 29 8
23 48 43 13 11 32 49 24 36 14 0 10 7 29 15
24 25 11 0 32 17 48 15 10 7 23 8 6 3 16
25 11 24 0 32 29 15 10 7 3 17 49 5 16 48
26 45 14 35 36 32 23 43 21 8 16 13 11 1 17
27 24 25 28 8 34 16 38 17 15 0 3 12 11 20
28 34 16 8 12 17 20 22 14 5 45 42 44 7 3
29 15 11 10 32 25 7 49 43 3 4 17 0 24 6
30 41 40 39 13 50 48 33 38 1 49 31 4 18 19
31 29 50 37 43 15 16 47 32 10 4 11 17 49 36
32 11 10 15 29 7 25 24 0 48 16 17 49 6 23
33 40 39 41 46 26 21 30 47 14 43 34 42 31 2
34 28 16 42 44 8 14 12 3 27 7 17 38 20 6
35 45 26 14 36 32 16 15 8 10 12 6 11 20 7
36 45 22 20 23 5 8 24 28 26 6 17 43 13 49
37 32 11 6 48 43 10 17 16 7 31 15 12 13 8
38 8 7 44 25 34 15 16 27 24 3 28 20 12 48
39 40 33 41 30 18 19 21 50 2 4 26 35 42 47
40 41 33 39 30 34 42 46 18 13 31 26 43 2 14
41 40 30 33 46 39 27 18 34 2 47 38 42 21 0
42 34 28 44 17 24 16 12 3 14 8 6 20 13 25
43 23 29 32 11 10 48 6 36 37 49 14 26 3 13
44 34 12 8 28 42 38 16 3 24 7 17 0 25 20
45 26 36 35 14 22 28 8 1 16 12 5 17 20 6
46 48 0 41 8 14 23 11 25 44 26 42 16 7 12
47 6 10 48 11 17 13 32 15 49 0 7 31 14 24
48 13 23 11 0 32 24 10 6 7 15 14 25 17 29
49 15 10 11 29 32 7 23 25 0 24 3 17 48 22
50 4 31 15 29 37 19 10 48 32 49 11 23 35 46
