0 25 28 16 34 18 20 2 19 8 21 23 3 5 38
1 5 19 22 21 18 20 16 8 0 10 2 34 23 32
2 20 19 16 28 9 34 8 5 21 0 18 22 25 50
3 48 9 31 25 36 6 7 15 43 11 50 23 24 0
4 50 10 48 13 23 32 39 11 15 44 38 40 24 33
5 19 20 21 1 28 9 2 25 12 34 22 0 32 16
6 45 23 50 11 36 49 9 3 48 24 40 39 4 31
7 48 35 3 17 10 14 50 13 18 8 4 15 32 40
8 16 34 28 18 2 10 4 30 0 20 48 7 23 32
9 3 2 6 5 31 19 11 24 20 45 25 22 43 49
10 13 48 4 32 15 50 11 23 39 29 34 38 40 18
11 48 23 32 31 50 10 24 49 4 45 36 15 6 39
12 19 21 5 20 25 2 14 0 28 9 16 34 18 31
13 10 4 48 37 32 29 38 15 50 35 39 18 23 40
14 18 7 13 37 12 3 38 10 29 35 25 4 8 5
15 29 48 10 13 32 4 11 43 50 23 3 39 40 36
16 8 28 34 2 20 19 0 18 25 31 17 48 23 21
17 23 28 44 16 7 35 34 18 41 48 50 25 33 13
18 28 34 38 8 48 23 16 13 41 39 10 0 20 30
19 5 20 21 2 12 1 16 28 9 0 25 34 31 22
20 19 21 2 5 34 28 16 0 18 12 25 8 22 9
21 20 19 5 28 12 2 16 0 25 1 34 22 18 31
22 1 20 2 5 19 9 21 16 49 36 50 47 23 6
23 11 48 50 32 39 4 33 10 44 6 40 28 31 34
24 11 39 49 48 50 23 4 10 6 31 3 44 32 9
25 0 28 34 3 16 5 19 12 20 18 21 23 2 17
26 35 47 32 45 50 11 23 44 36 48 7 33 39 40
27 30 33 44 38 41 40 39 23 46 34 18 13 48 35
28 34 25 18 16 20 2 23 5 8 0 19 41 39 33
29 15 37 13 10 35 4 32 48 38 43 50 18 14 30
30 38 41 39 44 27 33 34 40 23 13 10 4 28 18
31 32 11 48 23 43 50 3 9 16 10 24 4 36 45
32 48 11 10 31 23 13 50 4 15 39 26 34 40 28
33 41 27 40 23 30 38 39 44 48 28 4 50 34 13
34 28 38 30 20 18 16 41 8 25 39 23 0 10 2
35 37 26 13 7 29 17 38 41 30 32 27 10 14 50
36 45 11 48 6 3 23 50 31 15 47 4 26 9 7
37 35 13 29 10 38 14 30 4 32 41 34 15 18 17
38 41 30 39 34 33 13 27 18 40 44 4 28 10 48
39 38 30 23 48 4 41 50 33 10 24 40 32 44 34
40 33 48 44 23 39 38 27 30 41 4 10 13 11 32
41 38 33 30 44 39 34 27 28 40 23 18 48 4 13
42 46 27 47 33 26 21 30 44 1 37 41 35 39 45
43 15 31 3 11 48 9 29 16 50 49 32 6 23 36
44 30 41 23 27 40 33 48 4 39 38 50 28 11 13
45 6 11 36 50 26 23 49 48 31 9 32 19 4 24
46 38 41 27 30 42 21 35 37 0 39 18 40 16 33
47 26 49 44 36 11 50 23 48 17 22 40 32 45 27
48 10 11 4 50 32 23 13 15 39 31 40 7 44 33
49 11 47 24 6 48 23 50 45 31 10 32 15 9 3
50 4 48 23 11 32 10 39 13 6 44 15 45 31 24
