0 25 3 17 7 14 24 18 12 13 34 40 41 43 15
1 19 5 36 22 28 35 16 8 45 26 30 21 44 14
2 19 49 45 22 13 17 9 10 38 39 5 27 6 46
3 0 17 30 40 34 13 25 12 16 35 36 46 28 42
4 10 48 29 23 31 32 43 11 37 49 50 6 47 41
5 36 9 28 19 22 21 6 16 45 7 35 1 8 30
6 21 15 9 28 25 50 5 43 32 22 24 16 37 11
7 43 0 25 11 36 5 31 50 14 18 32 15 9 6
8 32 21 37 24 11 50 15 18 31 30 28 5 9 43
9 18 5 34 20 19 21 6 28 22 40 44 36 41 16
10 4 29 48 23 31 49 32 37 11 43 6 50 47 13
11 37 32 31 50 15 43 49 47 8 24 23 7 48 6
12 14 16 34 25 44 40 41 20 0 17 26 42 28 13
13 25 17 0 34 45 12 3 6 26 42 7 35 48 41
14 12 16 34 44 25 0 40 41 42 28 26 7 30 36
15 43 32 37 50 11 31 24 6 8 28 0 21 7 25
16 44 12 22 14 30 20 40 28 34 19 21 26 36 35
17 25 0 34 40 13 18 12 3 44 35 16 26 30 14
18 34 9 25 24 0 41 17 20 16 8 28 7 21 6
19 22 28 36 45 5 16 9 21 35 26 1 44 30 6
20 34 16 9 28 12 44 18 22 40 6 41 14 45 30
21 16 28 5 9 6 30 19 8 22 36 24 50 15 18
22 19 36 45 16 5 28 35 21 30 9 20 6 26 44
23 48 4 29 10 31 49 32 11 37 50 43 6 47 13
24 15 32 18 0 8 11 50 37 21 6 31 43 9 25
25 0 17 34 18 12 13 41 14 6 7 40 43 16 20
26 35 45 36 16 19 22 12 28 47 34 14 0 17 25
27 38 40 42 24 37 31 33 15 32 11 8 44 50 49
28 19 36 5 16 34 22 20 21 44 6 9 30 35 40
29 10 48 4 23 31 32 37 49 11 6 50 43 15 47
30 16 44 21 22 40 28 33 50 34 36 3 8 0 19
31 11 37 50 32 43 15 23 48 4 47 29 49 7 8
32 37 11 50 31 15 43 24 8 49 48 47 23 6 29
33 30 16 40 28 21 18 22 8 44 42 34 17 41 20
34 20 18 12 44 25 17 41 9 14 28 16 40 42 45
35 26 36 45 22 19 16 47 28 17 34 5 14 46 12
36 5 22 28 19 35 45 26 46 16 21 34 30 7 6
37 11 32 50 31 15 43 49 8 48 24 47 6 23 21
38 8 27 33 46 28 39 18 5 15 21 24 20 32 9
39 46 34 42 17 20 41 28 38 33 3 30 8 14 40
40 44 42 16 34 12 17 14 41 30 28 20 0 25 9
41 42 34 12 25 40 44 14 18 0 6 9 20 46 30
42 41 40 34 44 12 14 46 0 17 18 20 9 26 33
43 15 31 32 11 50 37 7 6 0 25 24 47 4 8
44 40 16 34 12 14 28 30 41 20 45 42 22 17 9
45 22 26 19 35 36 34 44 16 5 28 13 20 40 9
46 36 34 42 40 28 20 30 41 35 44 14 22 17 45
47 50 11 32 37 31 35 26 43 49 18 25 24 36 22
48 23 4 29 10 49 31 32 37 11 50 43 47 6 15
49 37 48 32 11 23 50 31 47 10 29 4 43 15 9
50 37 32 31 11 15 43 47 6 24 8 49 30 48 7
