0 46 8 24 41 12 25 34 39 6 42 3 50 44 15
1 36 3 6 38 37 11 5 15 23 30 9 50 40 13
2 19 21 22 5 18 20 16 45 12 6 14 24 44 9
3 1 11 24 36 23 15 50 25 41 40 12 37 38 6
4 13 32 15 50 23 37 6 43 11 10 31 30 48 29
5 2 18 22 21 19 9 20 6 16 40 12 38 37 23
6 37 15 10 50 11 4 23 5 43 32 1 36 20 48
7 35 26 47 15 36 13 37 50 11 30 23 43 4 6
8 0 17 39 24 46 34 12 50 41 14 43 44 29 35
9 5 38 20 37 6 16 40 11 30 1 31 22 15 10
10 15 37 50 6 23 11 32 31 43 4 13 48 29 49
11 37 23 15 43 50 48 32 13 31 30 10 6 49 36
12 24 5 6 18 20 46 40 3 0 2 39 14 19 15
13 32 50 15 43 4 11 37 48 23 30 31 38 6 49
14 16 24 12 45 21 19 2 18 5 42 22 38 10 40
15 50 37 11 23 43 13 10 32 48 6 4 31 36 49
16 22 40 5 32 20 2 18 14 21 9 4 38 12 48
17 8 37 47 46 15 23 49 38 39 41 13 24 44 50
18 5 2 19 44 22 21 46 24 41 27 16 12 42 25
19 21 2 45 22 18 5 28 20 6 12 14 16 44 24
20 21 2 22 5 19 16 6 12 9 18 15 45 40 31
21 19 22 2 45 20 5 18 28 6 16 14 12 9 32
22 21 2 19 5 18 20 16 45 6 12 32 9 14 1
23 11 37 15 50 43 31 48 32 13 30 4 10 40 38
24 12 25 46 39 44 41 40 34 42 3 18 0 14 37
25 41 46 39 42 34 44 24 27 33 40 31 23 3 0
26 35 7 36 47 15 43 11 37 13 50 10 23 32 30
27 41 34 33 42 25 46 44 18 39 24 40 31 38 17
28 45 19 21 18 2 22 27 7 6 35 33 14 34 26
29 4 10 31 16 50 39 12 6 32 37 23 15 25 24
30 38 23 37 11 40 36 13 32 50 43 48 42 15 4
31 50 37 23 15 40 11 43 10 39 48 13 32 25 41
32 13 11 50 15 4 23 37 48 43 10 30 31 16 49
33 34 46 41 42 27 44 25 31 18 24 10 40 7 23
34 46 41 42 25 44 33 27 39 24 18 0 40 31 17
35 26 7 36 47 15 13 50 32 37 11 4 30 43 10
36 1 26 38 11 15 37 30 35 23 3 50 43 6 7
37 11 15 23 50 43 48 6 31 10 13 32 49 30 4
38 30 40 37 36 23 11 15 50 13 9 31 43 48 1
39 25 24 40 41 46 44 34 31 23 37 42 50 30 12
40 38 31 39 23 30 24 46 37 44 25 41 16 5 50
41 34 25 46 42 44 33 27 39 24 40 31 18 23 3
42 44 46 25 34 41 33 27 24 39 30 18 40 23 0
43 50 15 11 13 48 37 23 32 4 31 10 6 30 36
44 42 46 34 41 25 24 18 33 39 40 27 23 30 12
45 19 21 28 2 22 14 18 20 6 16 34 10 5 12
46 34 41 25 44 42 33 24 39 40 27 18 0 12 23
47 49 7 26 37 15 36 11 17 23 35 48 43 30 10
48 11 43 37 50 15 13 23 32 31 49 30 38 6 4
49 47 37 11 15 23 48 32 31 43 50 13 36 10 6
50 15 43 37 13 11 23 31 32 48 4 10 6 30 38
