0 14 25 8 13 4 16 37 11 48 31 32 50 24 49
1 22 19 2 35 21 5 45 7 36 20 6 26 23 3
2 20 1 45 5 19 22 35 36 21 9 7 33 43 47
3 12 17 16 9 7 35 8 48 18 6 5 24 38 26
4 13 8 14 32 29 11 48 0 31 37 15 43 23 25
5 45 35 20 36 2 1 7 3 47 10 15 22 48 31
6 16 17 9 19 29 15 23 31 24 10 50 12 49 47
7 26 35 36 48 37 45 31 29 15 49 43 23 32 11
8 14 24 13 4 12 0 25 48 29 37 49 31 17 50
9 18 28 17 38 12 6 39 33 21 3 19 24 16 22
10 31 50 15 29 48 47 23 37 11 49 43 32 36 7
11 32 31 48 29 37 10 50 15 23 43 49 47 13 36
12 3 17 16 9 8 14 24 6 18 39 25 48 7 13
13 4 32 29 48 14 11 8 31 37 43 15 23 0 50
14 8 0 13 24 4 37 25 12 16 48 29 31 49 43
15 50 31 23 48 29 43 10 37 49 11 47 32 36 7
16 12 17 6 3 24 14 0 9 8 48 31 10 50 49
17 3 12 16 9 6 7 8 24 48 31 29 35 14 18
18 33 38 39 9 28 3 12 21 27 19 17 25 42 22
19 22 21 1 2 6 9 20 36 7 35 38 33 18 27
20 2 45 5 19 1 35 36 7 22 37 21 49 33 43
21 19 22 1 9 28 6 18 38 2 33 20 47 10 49
22 19 1 21 2 36 35 20 7 9 47 45 6 5 49
23 15 31 50 29 48 37 10 49 43 47 11 32 36 7
24 8 14 16 12 6 9 0 17 3 28 25 13 4 23
25 0 14 8 39 4 13 28 12 24 16 37 18 48 32
26 7 35 36 45 48 37 29 31 43 49 15 32 23 11
27 34 30 41 38 18 33 42 19 22 44 40 21 39 20
28 39 9 18 21 38 40 25 33 46 44 0 24 19 14
29 31 48 15 37 50 23 10 11 43 32 49 47 13 36
30 46 44 41 34 27 40 28 42 39 18 4 25 24 33
31 48 29 37 50 15 10 23 11 49 43 47 32 7 36
32 11 31 29 48 37 43 15 50 23 49 10 47 13 4
33 18 38 39 9 28 27 19 3 21 20 12 22 42 2
34 41 30 44 46 27 40 42 39 28 4 18 13 14 24
35 26 36 7 45 5 1 48 29 31 23 37 15 43 49
36 35 7 26 45 48 15 29 31 11 43 23 10 37 32
37 31 50 29 48 49 15 23 11 43 10 32 47 7 26
38 33 18 39 9 28 27 21 19 3 42 17 36 22 20
39 18 28 33 38 9 25 12 24 40 0 14 42 3 27
40 44 46 41 42 34 28 30 39 0 27 14 18 4 25
41 46 44 40 30 34 42 27 39 28 18 4 13 0 25
42 40 41 34 27 38 44 39 18 33 46 30 28 0 25
43 49 50 15 31 29 48 37 32 23 47 11 10 36 7
44 46 40 41 30 34 28 42 27 39 4 25 0 24 13
45 35 5 36 7 26 20 2 1 15 48 31 29 10 23
46 44 41 40 30 34 28 42 39 25 4 27 0 24 13
47 50 31 10 49 29 37 48 15 43 23 11 32 36 7
48 31 29 15 50 37 10 23 11 43 32 49 47 7 36
49 43 50 31 37 47 15 23 29 10 48 32 11 7 26
50 15 31 43 37 49 23 48 10 47 29 11 32 7 36
