0 14 3 17 25 16 34 50 39 46 15 24 27 8 49
1 22 19 45 36 21 5 20 31 6 9 32 41 7 4
2 26 28 18 10 47 38 50 23 13 6 29 32 19 30
3 0 16 17 34 39 25 14 8 6 24 50 4 32 5
4 32 9 22 6 21 15 45 31 49 1 24 8 43 50
5 20 16 1 12 17 21 22 14 34 45 36 19 3 6
6 49 32 22 9 4 1 21 31 43 3 15 34 7 20
7 35 36 1 22 19 21 45 6 31 12 43 32 4 8
8 14 17 12 16 32 21 3 4 39 35 31 7 47 6
9 22 21 45 6 4 1 32 41 19 31 20 24 34 49
10 48 37 13 23 11 29 15 43 50 49 6 24 4 39
11 29 37 13 23 48 15 10 43 49 47 4 50 6 32
12 14 17 16 20 5 39 8 36 34 43 21 35 1 7
13 29 23 11 37 10 48 15 43 49 50 47 4 6 32
14 17 16 12 0 34 8 39 20 3 46 5 27 47 25
15 50 29 13 37 11 48 10 4 49 23 24 32 17 6
16 14 17 12 34 5 3 0 39 20 8 46 25 50 27
17 14 16 12 34 0 5 3 20 39 8 25 46 24 1
18 28 30 44 33 6 7 41 3 42 22 49 1 4 36
19 36 45 1 21 22 35 31 9 7 32 5 20 4 6
20 12 5 34 21 17 1 16 36 14 45 22 39 9 6
21 22 9 45 19 1 20 4 36 6 5 32 24 31 8
22 9 1 21 6 45 4 19 32 5 20 31 7 36 49
23 13 37 11 29 10 48 15 43 49 32 31 50 4 8
24 25 50 32 15 21 17 4 34 3 9 6 16 49 14
25 0 24 3 17 50 16 34 14 49 39 15 4 6 46
26 2 28 18 38 19 35 36 13 11 23 32 47 41 31
27 46 14 16 34 39 40 12 0 17 20 47 33 3 42
28 18 30 38 41 2 44 1 33 22 26 19 3 8 4
29 11 13 37 23 15 48 10 43 49 50 47 4 32 16
30 44 28 33 18 42 38 40 41 9 34 39 46 6 27
31 32 1 6 36 4 21 22 19 9 45 43 7 8 20
32 4 31 6 22 21 24 9 1 8 15 45 19 49 36
33 38 44 30 27 40 42 18 28 41 34 46 39 22 6
34 17 39 16 14 20 3 0 12 46 5 25 24 21 50
35 36 7 19 45 21 12 8 1 17 16 32 14 4 31
36 35 19 45 1 7 21 20 31 12 5 22 17 32 41
37 48 11 23 13 29 10 15 43 50 49 4 16 24 39
38 33 44 28 30 41 18 22 26 1 9 42 2 34 27
39 34 16 17 14 12 3 40 46 0 20 8 27 5 25
40 39 42 27 3 46 34 16 12 25 14 8 17 43 30
41 1 9 21 36 20 45 31 22 4 6 38 19 32 30
42 40 39 30 33 27 34 46 29 18 8 10 37 48 3
43 13 37 11 48 12 10 23 6 31 29 4 20 14 16
44 30 38 33 18 41 28 42 9 39 22 7 31 6 32
45 36 21 19 9 22 1 35 20 4 5 31 32 7 6
46 27 16 17 14 34 39 0 12 40 24 49 8 3 25
47 49 14 8 12 17 36 11 35 13 29 31 16 0 6
48 10 37 13 11 29 23 15 50 43 49 6 24 39 16
49 6 50 15 4 13 47 48 32 29 37 25 22 10 9
50 15 49 48 24 25 0 37 16 17 10 4 3 34 29
