0 6 3 28 13 14 49 39 26 48 19 8 12 34 32
1 5 19 8 18 28 36 14 12 6 3 9 26 25 37
2 20 18 34 39 16 24 44 21 46 41 27 40 38 5
3 14 12 9 8 25 28 5 34 36 22 0 6 26 17
4 11 31 23 35 29 32 10 49 48 15 26 13 43 47
5 1 8 18 9 12 28 19 25 3 14 2 6 36 34
6 26 19 49 45 37 32 48 15 47 13 43 36 22 50
7 10 29 45 11 35 23 4 31 47 15 30 6 13 36
8 14 3 12 9 25 28 5 36 1 34 18 22 19 6
9 3 14 25 12 8 28 5 34 2 36 18 26 16 17
10 29 23 11 31 4 35 32 48 13 15 7 50 49 47
11 31 4 23 35 32 29 10 49 48 15 13 26 7 6
12 14 3 9 8 25 28 5 36 34 17 18 16 24 19
13 15 48 37 50 47 43 49 45 32 26 6 10 35 4
14 3 12 9 8 25 28 5 36 34 22 24 17 45 26
15 48 43 49 37 13 47 50 45 32 26 35 4 6 23
16 24 17 2 39 20 46 44 21 18 34 38 27 41 30
17 24 16 44 46 39 20 21 38 34 27 2 41 42 40
18 2 20 5 21 16 34 39 44 1 9 12 24 46 40
19 6 37 22 26 45 43 48 47 36 49 28 5 15 50
20 2 18 21 24 16 34 44 41 39 46 17 27 40 38
21 20 2 24 42 41 18 30 16 38 17 40 27 44 46
22 45 19 26 28 6 36 25 15 14 47 3 43 13 12
23 4 11 31 29 10 35 32 48 49 15 13 43 50 26
24 17 16 44 20 46 39 2 21 30 34 38 41 27 40
25 9 3 14 12 28 8 5 26 34 22 2 17 24 20
26 6 49 15 45 48 35 47 32 19 13 22 37 43 4
27 41 38 40 46 42 39 44 30 33 34 2 20 24 21
28 25 3 9 14 12 8 22 5 19 26 6 45 34 17
29 23 10 11 31 35 4 32 48 49 15 50 7 47 13
30 41 27 42 38 44 46 40 24 21 33 39 20 16 17
31 11 4 23 35 32 29 10 49 48 15 13 43 26 7
32 48 11 31 49 4 15 23 35 13 6 29 37 26 43
33 42 46 27 41 39 38 40 44 30 34 2 24 16 17
34 39 40 2 46 44 27 38 20 24 41 16 18 33 17
35 4 31 11 23 29 32 49 15 26 48 10 45 13 47
36 6 19 22 8 12 45 14 5 3 9 49 37 47 13
37 48 15 43 47 13 49 50 45 6 19 32 26 10 36
38 27 40 39 41 46 42 44 30 33 34 24 21 17 16
39 46 38 34 27 40 44 41 2 16 33 24 17 42 20
40 27 38 41 39 34 46 42 44 30 33 2 21 24 20
41 27 42 40 38 46 44 30 39 33 21 2 20 34 24
42 41 27 38 33 40 30 46 44 21 39 24 17 2 16
43 15 48 37 50 13 49 47 45 32 19 6 26 35 23
44 46 39 27 41 24 38 40 34 17 30 42 33 2 20
45 47 15 26 6 37 48 13 49 22 43 19 50 35 32
46 39 27 44 41 38 33 40 34 24 42 17 30 16 2
47 48 45 15 37 49 13 43 50 26 6 32 19 35 10
48 15 49 37 47 43 13 32 50 45 26 35 4 6 11
49 48 15 32 47 37 26 13 43 6 35 50 45 4 31
50 48 15 43 37 13 47 49 32 45 29 10 6 19 26
