0 10 17 26 28 2 12 21 19 47 35 29 3 8 37
1 36 26 9 21 2 10 19 16 35 30 8 20 18 37
2 21 18 20 9 6 19 10 1 37 24 0 28 17 36
3 25 32 6 15 31 16 29 24 21 36 4 17 39 8
4 15 31 13 32 48 29 24 25 43 11 35 6 3 37
5 22 45 18 48 23 9 35 50 36 1 42 13 2 28
6 15 32 21 2 19 3 31 29 11 4 16 36 20 37
7 14 41 34 16 8 25 39 40 48 44 3 26 46 32
8 39 16 44 41 36 14 35 26 15 29 30 7 38 32
9 20 2 21 19 18 28 1 34 6 36 41 16 30 3
10 21 0 19 37 2 33 36 1 6 26 3 47 17 8
11 31 6 4 48 15 37 21 20 19 32 13 2 10 43
12 16 44 41 39 46 17 34 27 40 30 8 14 0 24
13 4 43 29 15 16 31 48 17 25 32 23 24 37 28
14 7 16 44 41 8 29 39 40 24 25 26 34 12 15
15 32 4 29 43 6 31 24 25 13 16 8 3 35 37
16 12 41 17 44 39 14 8 46 40 34 25 36 24 32
17 16 0 12 36 19 21 29 28 13 41 44 39 14 27
18 2 21 19 20 28 9 24 36 6 1 34 31 48 30
19 21 36 20 18 6 10 2 9 17 0 16 48 1 28
20 9 34 2 19 21 28 18 41 6 17 1 16 11 30
21 19 2 10 36 18 6 20 9 37 17 1 3 28 0
22 45 5 35 9 7 36 8 48 18 19 11 1 41 46
23 32 43 50 15 14 29 13 31 49 4 6 34 20 16
24 25 31 4 15 16 29 32 34 39 14 3 2 40 12
25 24 16 4 32 15 31 3 14 40 29 7 27 34 46
26 35 8 1 14 44 46 0 39 36 41 16 10 40 7
27 16 39 34 12 41 25 15 32 40 17 24 44 46 35
28 20 18 34 9 17 0 2 21 12 19 44 6 13 36
29 43 15 32 4 13 50 24 14 16 25 3 8 6 17
30 44 39 41 16 34 40 38 12 8 29 15 32 24 36
31 4 32 15 24 25 3 11 13 6 50 29 43 23 48
32 15 31 50 4 6 29 23 16 43 25 3 24 36 8
33 10 29 34 26 0 38 44 42 8 27 35 4 12 48
34 41 39 16 20 46 44 40 12 30 24 27 7 28 14
35 26 36 8 44 15 39 16 4 41 48 24 32 29 40
36 19 21 35 16 8 17 44 1 38 41 32 39 10 15
37 10 47 21 15 2 43 6 4 19 48 49 0 11 13
38 41 44 30 39 36 8 14 12 6 16 19 34 3 21
39 41 44 16 34 12 8 30 46 40 27 14 24 38 35
40 41 44 16 39 34 30 12 14 25 32 24 46 27 8
41 39 44 16 12 34 40 46 8 14 30 7 38 27 36
42 44 30 33 40 12 46 15 41 25 32 29 34 28 27
43 29 13 15 23 50 32 4 49 16 31 37 12 6 17
44 41 12 39 16 30 40 8 14 46 34 35 36 38 26
45 22 26 41 19 8 34 9 39 20 28 44 36 35 40
46 16 41 34 39 44 12 26 8 40 25 17 14 47 24
47 37 39 0 15 46 17 8 10 24 49 29 31 2 19
48 4 13 11 19 35 25 7 29 32 37 15 31 36 43
49 43 50 37 23 6 32 47 4 15 19 21 29 31 3
50 32 43 23 29 31 24 49 41 16 15 44 25 14 36
