0 78 3 19 111 110 81 82 9 113 2 1 38 98 63 72 14 120 123 115 12 92 97 91 114 107 95 79 75 106
1 124 9 78 82 111 28 19 81 72 77 3 113 80 87 2 126 61 79 44 101 31 62 0 38 22 12 110 15 13
2 19 87 3 92 111 113 78 1 0 124 77 9 14 62 63 106 75 41 121 102 110 30 46 38 123 107 82 98 5
3 0 62 9 111 78 19 110 107 2 1 87 89 63 92 123 14 77 82 98 93 38 81 80 120 104 115 118 72 71
4 108 116 66 69 8 65 105 64 104 39 59 34 51 67 57 54 26 109 25 97 103 96 20 112 119 123 60 55 122
5 116 35 86 26 38 29 25 105 32 69 63 106 14 61 113 45 108 18 62 103 125 101 119 104 41 65 13 39 70
6 11 122 99 96 97 95 120 125 74 18 91 84 63 117 115 98 119 14 71 123 118 70 121 88 48 83 10 102 106
7 76 121 91 100 6 11 95 70 102 118 125 96 36 88 123 106 84 122 117 93 120 47 18 97 108 63 67 14 115
8 108 59 4 60 54 112 105 49 107 39 56 16 116 51 102 84 34 63 95 48 96 65 117 119 97 71 93 120 109
9 82 78 80 1 81 72 28 12 38 79 111 77 3 113 61 124 107 0 87 89 31 19 92 62 126 2 93 63 123
10 98 115 47 117 84 100 97 95 96 106 48 83 18 122 70 91 74 14 6 71 16 120 11 76 119 102 99 118 123
11 6 122 99 97 74 95 96 120 91 18 115 125 84 117 119 71 98 83 100 48 118 63 14 121 102 123 16 10 76
12 81 9 80 78 79 107 82 72 77 10 111 1 115 38 0 31 28 50 87 47 88 119 61 98 113 18 93 75 106
13 15 17 85 126 37 68 22 31 28 101 35 25 29 61 26 5 32 64 67 116 44 1 34 86 124 66 65 69 52
14 123 63 91 98 115 95 120 84 97 96 60 106 6 118 100 117 59 122 111 16 11 74 54 18 10 38 76 46 47
15 17 13 85 126 68 37 22 31 35 34 101 64 25 26 29 67 124 36 28 1 66 32 23 65 69 5 49 86 116
16 119 74 97 102 98 83 91 96 71 95 120 118 63 14 115 122 84 125 117 106 10 11 6 123 45 112 48 99 8
17 15 85 13 22 37 68 126 31 28 101 124 34 25 66 36 26 29 67 1 64 35 65 61 44 69 23 94 58 57
18 106 122 70 6 11 115 121 96 91 95 97 10 84 74 118 83 14 117 99 100 123 120 71 125 63 119 76 98 16
19 107 1 0 62 89 111 2 3 87 82 124 78 104 110 9 113 123 63 46 44 81 30 38 14 92 77 106 72 101
20 105 29 35 25 26 32 110 23 116 86 39 104 107 4 103 46 82 108 106 8 101 63 61 5 100 123 96 66 14
21 46 27 43 41 90 94 30 45 42 24 40 44 36 101 33 64 39 69 67 74 63 65 123 14 55 66 91 116 68
22 17 15 85 37 13 68 126 31 25 61 124 101 44 26 23 28 29 1 94 24 43 35 66 30 36 64 67 20 32
23 26 35 29 20 22 25 75 86 32 105 64 96 76 36 4 103 95 73 5 67 100 97 65 69 66 6 91 122 15
24 94 21 43 41 27 36 90 42 45 40 46 30 33 64 74 96 95 65 67 122 83 91 97 60 44 11 101 119 49
25 29 105 39 20 35 104 5 32 26 116 103 113 61 22 69 126 67 65 86 34 66 31 106 37 14 101 13 4 63
26 29 35 23 32 20 116 5 25 101 105 86 22 31 37 39 4 114 61 13 63 106 15 46 66 44 30 8 123 14
27 41 46 45 21 43 42 30 44 24 101 94 90 33 36 116 39 40 123 63 124 91 14 118 95 108 122 96 112 106
28 31 37 126 61 9 124 1 13 85 17 82 101 113 79 68 78 81 22 111 80 77 25 38 72 44 15 12 29 26
29 26 35 25 20 105 116 32 5 101 23 39 86 108 61 37 69 30 100 65 46 13 106 66 44 63 22 4 64 14
30 41 46 45 43 21 40 27 44 94 101 42 24 90 68 124 63 36 14 123 33 39 116 29 91 19 106 100 26 35
31 28 37 126 61 85 22 101 124 68 17 13 25 26 15 44 113 9 1 29 79 35 12 111 38 81 80 5 20 14
32 105 26 29 35 110 20 116 86 25 5 39 114 61 103 69 104 65 123 23 62 68 66 4 14 13 38 63 78 64
33 41 94 27 45 21 101 42 24 90 43 55 67 64 36 69 30 40 34 46 44 65 6 66 73 112 11 122 68 125
34 67 69 66 65 64 109 53 59 55 57 108 60 94 54 49 39 52 56 116 58 51 50 36 101 25 4 8 33 45
35 29 26 20 105 5 32 25 86 23 116 101 13 39 106 15 104 66 38 44 46 14 37 123 30 64 69 53 103 4
36 94 24 43 21 42 91 90 67 64 46 96 122 40 27 60 65 76 41 45 6 69 95 74 14 66 34 97 30 33
37 31 28 126 17 85 15 13 22 68 61 101 25 29 26 124 35 113 32 44 9 1 20 79 116 5 23 82 125 36
38 80 111 14 5 78 9 107 81 63 123 113 89 72 62 82 77 103 84 87 117 98 106 105 18 50 10 120 35 93
39 116 105 25 108 69 46 34 112 65 106 67 64 104 63 123 53 66 86 59 8 102 4 29 94 42 103 96 95 14
40 30 94 42 21 45 90 43 24 46 41 36 67 74 64 102 112 27 65 11 39 60 33 55 51 16 34 122 49 83
41 45 27 30 21 43 46 94 44 33 101 24 42 90 40 36 123 68 124 14 63 116 16 67 5 106 64 91 39 65
42 27 43 46 21 40 90 45 94 30 41 24 36 33 39 101 44 11 112 64 95 96 6 118 100 63 122 74 120 102
43 30 21 27 94 46 41 42 44 24 45 36 101 90 40 33 124 64 67 123 65 69 39 91 63 14 100 66 60 95
44 101 30 41 27 43 21 46 124 94 45 68 22 61 42 24 85 33 116 90 31 1 39 29 35 19 36 26 64 126
45 41 30 27 46 21 40 43 94 42 90 101 24 33 44 36 116 16 65 123 14 119 63 68 66 69 67 39 118 64
46 30 27 21 43 42 45 41 101 44 94 40 24 36 39 63 14 90 123 96 116 124 91 95 122 33 100 97 29 106
47 10 98 117 84 100 48 115 76 122 14 95 96 91 74 83 97 6 105 123 102 59 36 7 70 71 16 119 88 116
48 84 117 99 83 97 96 95 74 119 100 98 10 11 47 115 122 102 6 71 91 120 73 16 88 49 125 59 106 56
49 56 54 59 60 51 55 57 58 65 109 64 52 53 120 34 67 88 50 108 8 69 74 97 96 48 83 98 14 84
50 58 52 109 57 51 53 56 55 49 34 54 59 8 64 38 69 65 93 103 60 63 66 67 39 4 123 108 105 89
51 56 49 57 59 54 60 58 55 109 50 53 65 52 67 64 74 69 66 34 108 91 84 97 119 8 83 96 103 123
52 58 57 55 109 53 50 64 51 49 56 54 65 34 59 67 69 60 66 39 108 123 63 101 116 8 103 94 4 105
53 57 109 58 55 52 59 34 54 50 51 56 69 65 66 49 60 64 67 39 103 63 105 123 104 14 108 4 8 93
54 56 49 59 60 57 58 51 55 65 109 53 34 69 108 52 14 67 64 63 84 8 96 91 74 106 97 103 123 66
55 57 58 52 64 53 49 109 69 56 67 59 54 51 65 60 34 50 94 66 33 108 122 40 18 24 4 8 39 93
56 49 54 59 60 51 57 58 55 109 53 52 65 50 64 34 108 69 84 67 74 14 8 97 96 83 123 48 11 117
57 55 58 53 52 56 109 59 54 51 49 64 65 69 50 60 34 67 66 108 39 63 103 4 8 14 123 11 93 6
58 57 109 52 55 53 56 50 54 49 51 59 64 65 69 60 34 67 66 108 115 83 103 123 8 4 14 63 18 39
59 60 56 54 49 57 51 55 109 58 53 65 34 108 14 69 64 8 84 123 63 67 66 52 117 100 39 93 122 48
60 59 56 54 49 51 14 57 123 55 65 34 63 53 109 108 58 36 94 69 8 67 64 66 84 91 106 122 24 39
61 28 31 37 126 25 82 22 78 9 44 101 68 32 29 81 113 79 5 1 124 111 26 13 80 77 20 104 38 123
62 87 93 3 14 19 103 63 123 38 75 104 78 98 60 89 80 117 5 111 100 32 59 1 115 10 120 8 105 112
63 14 123 91 95 96 6 120 97 118 106 16 74 11 122 60 111 98 115 59 54 46 84 39 117 119 71 38 18 99
64 65 67 69 34 66 55 94 57 109 58 49 52 59 36 53 54 51 56 108 24 39 21 90 60 4 116 43 40 33
65 69 66 67 64 34 94 55 57 54 108 59 49 51 109 60 58 53 56 52 39 36 4 116 24 45 105 25 40 43
66 65 34 69 67 64 109 108 94 116 53 4 105 59 51 57 60 39 55 54 36 49 25 58 45 56 101 90 114 86
67 65 34 69 64 66 94 55 57 36 51 49 54 59 116 39 60 108 53 52 101 109 40 90 56 24 58 25 43 33
68 85 126 17 15 37 13 101 22 44 30 31 45 41 61 94 67 65 36 124 28 32 69 66 21 40 25 64 46 43
69 65 67 34 64 66 55 57 94 108 109 59 53 54 58 116 39 4 51 60 52 36 56 105 49 25 101 33 43 45
70 18 122 106 91 121 10 6 11 76 115 7 14 123 84 16 36 47 98 95 100 83 97 117 96 71 118 59 120 5
71 97 95 96 74 84 91 125 11 117 115 122 119 16 6 99 106 120 98 100 48 10 83 18 63 14 102 123 54 76
72 9 78 81 82 38 1 87 79 77 111 80 12 103 0 75 28 3 19 62 113 118 115 107 124 92 10 61 105 106
73 48 71 83 99 120 11 122 8 69 108 6 33 16 98 47 49 74 88 23 125 119 96 97 65 95 102 26 112 42
74 97 95 96 11 119 83 99 122 115 91 125 84 6 117 120 71 16 98 48 118 102 63 10 18 14 100 51 106 24
75 97 59 49 98 103 60 62 96 10 95 105 6 115 120 56 108 84 23 16 54 63 104 107 83 119 102 14 51 118
76 7 100 91 95 115 96 97 14 36 84 122 47 117 10 11 106 70 98 118 123 74 18 6 71 63 103 108 120 125
77 80 78 81 111 82 79 9 1 38 72 3 12 89 61 87 28 113 2 98 107 19 110 14 106 124 32 10 62 47
78 82 9 1 111 77 72 81 79 80 38 0 87 61 12 3 19 62 124 2 110 113 89 28 107 14 32 104 92 123
79 80 78 81 9 77 82 12 72 111 113 61 1 28 87 18 31 106 89 10 20 0 38 115 70 3 25 14 117 63
80 9 82 81 77 79 38 78 111 12 87 89 72 1 62 113 61 28 3 47 107 110 98 10 63 31 14 105 103 117
81 80 9 77 12 82 78 79 72 38 1 107 111 10 61 0 28 106 19 98 3 113 115 124 87 47 110 105 35 31
82 78 9 80 81 77 111 1 72 61 79 19 38 124 87 0 28 12 3 89 107 20 62 113 123 110 14 92 29 35
83 74 119 48 115 97 95 96 106 99 16 84 117 11 10 120 125 122 18 6 71 91 108 24 102 118 49 47 98 56
84 117 100 95 97 96 48 98 10 122 74 91 119 11 115 102 71 6 99 47 14 120 106 83 123 18 59 125 16 63
85 68 17 15 13 37 126 22 31 101 28 124 44 30 94 67 41 36 66 65 34 40 64 21 45 33 61 43 1 69
86 105 116 5 35 32 39 29 25 26 20 66 103 104 60 23 69 114 59 38 106 53 34 108 4 96 65 51 84 14
87 62 78 111 2 19 72 80 3 82 38 89 1 9 14 123 63 106 77 113 79 104 107 100 81 103 98 18 117 71
88 6 120 49 11 99 48 98 83 121 97 7 96 122 115 74 95 47 125 119 56 118 71 84 117 73 8 14 60 63
89 38 19 107 111 104 113 80 123 87 3 62 82 9 78 77 63 92 14 100 110 53 79 8 117 71 1 84 114 50
90 94 21 42 45 40 24 41 27 36 43 33 30 64 46 112 67 39 74 101 69 65 66 116 44 83 119 34 16 48
91 97 95 96 122 74 11 123 84 6 14 115 63 117 106 71 98 76 120 18 119 70 100 16 36 125 118 99 10 7
92 2 113 3 89 18 9 111 19 82 14 106 78 0 38 76 118 107 87 104 98 1 100 72 91 63 46 70 115 71
93 62 59 110 54 107 8 56 7 60 51 18 14 109 49 63 71 11 105 122 38 108 91 57 55 100 106 3 58 118
94 43 90 21 24 67 36 41 40 64 65 45 30 42 69 46 33 101 27 66 34 44 60 55 39 49 68 59 122 116
95 96 97 74 84 117 11 115 122 91 119 71 99 6 120 100 83 98 48 63 123 106 118 14 10 18 125 16 76 102
96 95 97 74 84 117 11 6 122 115 119 91 120 71 99 100 83 48 98 125 63 18 118 14 10 123 106 16 76 36
97 95 96 74 115 84 122 117 11 119 91 99 71 6 120 98 83 48 100 16 10 125 123 106 14 18 63 118 76 102
98 10 120 84 117 47 97 115 14 95 96 74 91 122 100 16 6 11 48 102 71 119 99 63 111 123 76 49 83 118
99 11 6 97 74 95 96 48 122 120 119 115 84 83 117 125 71 91 98 18 63 10 16 88 118 102 14 54 56 123
100 117 84 95 96 97 76 10 98 102 48 122 91 14 11 47 106 74 71 123 18 115 6 59 7 119 120 63 54 103
101 44 41 46 27 30 124 45 21 94 43 116 68 33 29 67 31 35 85 26 22 42 34 69 126 61 24 39 65 90
102 117 84 16 100 120 98 74 125 48 119 6 11 95 97 96 10 39 83 40 71 112 99 7 8 59 122 47 14 63
103 105 96 25 54 97 95 62 108 39 51 75 116 32 53 117 100 38 56 57 71 63 84 86 106 8 58 4 91 18
104 25 105 39 4 108 114 89 19 106 32 62 20 63 86 110 107 35 123 53 5 60 8 14 75 116 71 69 87 18
105 20 32 116 86 39 108 25 29 35 103 66 104 5 8 69 4 65 110 26 117 14 59 114 63 47 10 84 51 100
106 18 115 91 83 70 95 123 97 96 14 10 84 117 71 100 122 63 121 118 74 39 16 6 120 54 76 60 11 48
107 38 19 110 8 89 81 3 108 93 63 9 105 71 84 12 20 104 117 98 82 111 120 14 123 119 95 96 75 106
108 8 66 65 4 105 59 69 116 34 39 54 60 64 49 56 95 122 67 112 96 51 97 83 119 117 57 103 104 84
109 58 53 57 52 55 50 34 56 59 64 66 51 54 49 65 69 60 67 108 39 8 93 4 123 63 94 14 103 18
110 32 107 20 105 3 93 0 114 14 104 111 98 78 19 63 38 10 82 89 62 1 35 123 26 71 120 47 80 100
111 78 14 77 63 38 98 82 1 123 9 80 87 120 3 19 89 81 0 2 106 124 79 72 115 113 110 71 61 107
112 39 108 8 90 16 102 40 122 74 42 11 6 97 119 116 99 59 71 83 48 24 96 115 114 4 95 91 63 117
113 25 38 9 92 89 79 126 2 61 1 111 5 28 0 31 78 106 80 19 124 14 87 81 77 82 100 18 37 29
114 116 104 39 105 32 66 110 26 112 65 117 96 98 14 84 86 95 69 46 29 100 5 97 4 106 123 10 51 120
115 97 95 10 96 74 83 106 122 11 98 91 120 118 119 84 117 18 99 71 14 123 6 76 48 16 47 63 121 100
116 39 105 5 108 4 29 66 101 86 69 26 32 34 67 65 35 45 25 64 27 114 8 46 59 20 103 41 123 30
117 84 100 95 97 96 48 10 98 74 122 102 91 115 11 119 71 47 99 6 120 14 83 106 123 18 16 125 59 76
118 115 119 95 96 123 63 74 14 97 91 6 11 16 120 18 106 125 122 76 83 10 84 99 121 117 98 7 71 45
119 74 16 97 95 96 83 99 84 115 117 11 122 48 118 125 91 71 6 120 98 102 10 63 108 100 123 51 45 18
120 11 96 97 98 95 6 74 99 115 91 102 14 122 117 84 63 125 119 83 16 71 118 49 88 18 106 10 48 123
121 18 7 70 106 6 11 115 122 123 118 14 63 120 88 59 99 8 111 91 60 100 95 38 108 10 125 93 96 71
122 11 6 97 95 96 74 91 18 84 117 99 115 98 119 70 71 120 123 100 14 10 106 125 63 83 16 36 48 76
123 14 63 91 95 115 97 106 118 122 60 96 84 6 117 59 100 111 18 11 74 98 39 16 46 54 38 120 41 76
124 1 101 44 28 30 31 43 22 9 126 46 41 19 85 111 82 78 61 17 27 68 37 45 113 29 15 21 2 81
125 74 6 11 71 96 119 97 95 99 120 91 102 122 83 84 16 118 117 115 18 14 48 63 98 7 106 36 123 100
126 37 31 28 15 85 68 13 17 22 61 25 124 101 113 1 9 44 29 35 26 32 30 116 78 82 77 20 70 5
