0 112 92 39 104 19 103 4 93 62 68 22 108 81 37 61 31 126 25 78 69 113 28 116 77 72 79 5 107 66
1 108 111 78 9 77 12 80 72 81 37 101 29 30 26 35 20 116 61 46 75 44 25 28 34 65 79 69 89 124
2 92 81 112 93 107 79 62 72 82 103 0 109 22 80 63 19 4 104 77 89 8 75 28 37 9 110 7 34 47
3 112 87 39 110 62 104 83 103 7 89 0 117 86 66 114 92 31 80 96 95 82 90 8 22 5 25 113 19 94
4 39 104 126 28 68 22 31 37 116 61 69 112 66 19 5 25 32 103 92 67 34 108 64 8 93 23 0 105 95
5 66 126 37 17 109 116 58 39 114 69 31 61 4 67 64 68 25 13 53 56 22 59 32 28 38 52 15 34 104
6 125 84 11 100 16 98 88 119 91 96 106 99 102 118 48 14 122 10 97 63 70 120 71 73 47 76 74 121 123
7 47 99 16 117 83 63 71 76 74 95 118 70 100 96 119 102 123 14 98 88 84 97 18 106 73 122 58 120 48
8 72 77 12 75 103 80 28 108 61 32 31 9 82 104 26 13 126 22 39 1 4 34 78 38 92 37 35 19 81
9 12 80 78 72 77 81 75 79 1 111 92 108 8 89 20 82 103 26 62 29 61 35 124 28 32 93 23 102 37
10 100 11 84 48 76 102 106 119 36 97 120 6 123 91 98 99 63 121 74 18 125 88 47 16 46 115 71 70 7
11 100 84 6 98 125 10 48 91 97 115 14 70 16 106 99 123 88 119 102 73 118 36 120 74 71 122 63 47 18
12 80 9 78 77 72 81 75 79 1 8 92 111 108 62 26 35 29 103 32 82 93 20 61 89 107 113 124 37 19
13 38 17 56 58 52 86 53 59 32 54 109 57 34 55 26 23 5 50 67 114 49 15 60 31 90 94 45 51 24
14 70 118 71 88 98 73 48 96 99 11 63 84 117 100 123 16 74 6 122 106 125 95 7 91 115 83 47 18 119
15 86 23 58 38 50 53 17 54 26 45 56 41 90 64 30 37 34 55 67 46 57 59 49 20 24 109 32 52 116
16 99 96 7 73 47 6 98 122 74 84 100 71 119 120 18 70 63 76 118 117 11 88 83 14 48 106 102 97 36
17 38 13 50 56 58 49 59 53 52 55 54 5 51 57 109 86 15 26 67 60 32 45 46 23 37 41 24 116 64
18 74 99 16 123 73 83 120 84 98 100 96 91 119 63 122 115 48 117 70 7 71 47 97 10 11 95 76 118 14
19 93 92 104 4 62 0 112 107 78 31 28 39 103 8 77 81 75 126 108 72 113 22 80 61 79 12 68 82 29
20 32 23 35 26 37 29 116 61 86 31 49 15 108 1 111 24 28 67 124 38 56 64 101 41 82 58 13 45 17
21 44 24 33 45 101 46 30 49 55 41 50 58 94 43 111 124 56 86 53 34 23 51 15 67 32 60 52 17 116
22 31 39 4 69 68 28 104 66 5 25 67 114 37 64 126 103 8 116 13 59 108 38 83 53 19 34 65 112 20
23 20 32 26 35 15 24 37 86 38 34 56 69 41 94 61 52 49 67 116 31 17 126 111 105 13 124 90 108 30
24 45 44 94 21 41 33 30 46 43 60 58 90 56 23 86 34 53 50 55 124 26 52 49 101 38 57 15 111 32
25 37 116 66 64 67 69 126 28 65 31 108 5 68 29 22 4 1 114 61 32 26 39 20 24 34 15 44 23 58
26 35 32 23 38 20 61 15 17 37 29 24 124 1 111 116 45 60 86 13 56 67 126 30 59 41 58 50 54 64
27 42 36 111 44 101 45 11 43 10 98 100 122 102 124 48 96 73 97 6 21 99 16 84 120 33 24 106 125 30
28 37 31 126 116 4 25 108 69 68 104 61 22 20 8 66 23 124 65 114 34 105 29 5 1 67 64 19 15 32
29 37 35 20 111 32 26 1 61 101 67 105 23 124 25 77 44 108 31 64 65 116 28 60 69 126 80 12 66 113
30 41 46 101 44 24 43 21 111 33 45 90 15 86 1 116 49 58 34 124 53 37 23 26 94 50 54 57 17 55
31 22 28 37 66 126 68 116 67 114 4 69 64 25 65 108 20 5 105 23 103 59 32 61 13 39 8 38 29 53
32 35 20 26 23 56 37 61 29 13 124 58 116 38 86 52 17 24 49 15 90 34 54 41 82 108 45 59 31 55
33 21 44 24 46 49 30 45 116 101 34 41 23 86 61 15 53 67 43 124 50 11 37 58 10 60 26 69 64 56
34 86 37 24 116 23 15 61 30 69 13 38 45 35 33 32 126 44 41 21 67 108 28 124 105 90 114 58 25 1
35 32 26 23 20 29 61 1 37 111 34 86 124 101 82 108 94 38 24 52 116 126 15 90 12 17 25 67 105 80
36 10 100 16 11 99 42 27 102 48 84 97 98 120 96 60 73 6 76 18 115 122 119 125 7 47 106 43 24 51
37 116 69 28 126 68 61 66 25 67 64 29 31 108 65 105 5 20 32 34 4 23 1 26 15 59 58 124 35 17
38 13 17 56 54 86 58 53 26 15 55 59 57 52 90 67 109 50 23 51 32 64 24 94 34 49 110 41 60 20
39 4 104 112 126 22 5 92 68 31 0 69 66 103 25 61 37 8 19 28 108 116 67 64 93 114 95 65 34 113
40 85 87 101 111 43 44 30 27 46 1 49 116 21 25 33 65 124 67 94 64 50 56 45 24 29 41 58 51 42
41 30 46 24 44 101 90 43 21 124 111 86 55 15 94 56 49 45 23 58 52 38 64 67 17 32 53 33 34 26
42 27 36 6 111 11 84 48 16 102 96 125 43 10 98 101 94 120 124 100 24 97 46 121 60 73 44 30 99 41
43 30 24 101 41 44 46 94 21 45 111 33 23 120 124 99 10 18 73 60 55 102 105 86 53 16 36 27 90 49
44 30 21 101 24 46 33 41 45 124 43 49 94 105 111 58 37 34 55 90 29 50 23 86 53 15 56 64 1 69
45 24 21 46 50 44 58 30 33 86 15 60 41 94 17 51 43 26 34 18 53 101 32 124 23 116 13 56 55 20
46 30 44 41 101 33 24 45 21 43 49 86 90 111 15 17 10 50 94 58 124 1 54 53 48 26 55 23 52 57
47 7 63 16 76 74 99 95 83 117 100 70 71 97 123 102 84 106 88 119 118 6 120 98 122 121 125 18 11 14
48 11 70 84 10 98 14 100 102 74 97 6 16 123 120 125 119 18 99 118 106 54 73 52 36 88 56 115 117 51
49 56 58 55 50 57 53 17 59 21 33 51 52 86 54 44 46 41 24 30 20 23 15 32 38 101 67 124 60 13
50 58 51 56 55 17 57 49 86 53 45 59 54 15 60 21 52 38 24 67 13 109 46 30 23 64 26 44 37 41
51 54 55 50 59 52 56 60 17 49 53 58 57 86 38 90 94 45 48 24 23 21 32 13 102 15 41 26 7 10
52 54 56 55 59 51 58 94 90 13 86 17 38 49 57 50 60 48 24 32 53 23 41 15 37 114 21 67 35 30
53 57 59 55 58 50 54 56 38 109 49 17 13 86 51 15 24 114 52 67 30 60 5 37 45 41 21 64 33 44
54 55 52 59 51 58 56 38 57 53 50 86 17 90 49 15 48 13 94 24 32 30 109 41 26 114 46 45 60 37
55 54 59 57 58 53 51 52 56 50 49 38 17 86 21 41 109 24 90 15 13 67 94 64 32 44 30 45 60 37
56 58 52 55 49 54 50 86 17 38 13 57 59 53 51 90 94 32 24 60 15 23 41 48 21 70 74 26 67 5
57 53 55 58 50 59 56 54 49 109 38 17 86 52 51 67 13 15 24 60 30 41 64 69 90 114 37 46 44 68
58 56 50 54 55 57 53 49 86 38 52 17 59 13 15 24 51 67 90 45 21 109 32 5 95 41 94 69 64 37
59 54 55 53 52 51 57 109 56 58 17 50 49 38 13 67 86 60 64 37 15 114 69 66 116 26 31 32 5 126
60 51 24 50 56 52 45 59 17 26 53 23 57 38 49 13 15 86 21 41 36 58 37 32 44 114 55 97 54 120
61 37 116 126 26 32 4 20 108 28 34 5 23 35 29 1 105 69 33 31 8 67 68 113 104 25 66 64 15 93
62 93 19 113 92 107 12 104 61 105 37 78 9 80 77 112 31 28 126 124 8 114 5 0 75 72 103 116 29 111
63 88 47 74 7 71 117 95 83 76 122 99 70 100 118 84 16 14 106 96 98 119 115 123 6 73 18 125 10 121
64 67 66 65 69 68 116 25 37 31 126 15 105 59 38 58 5 55 41 23 109 24 50 86 53 17 20 57 22 29
65 67 64 66 69 68 116 37 105 126 25 31 28 109 29 44 59 1 20 58 108 50 5 53 23 61 17 38 26 57
66 64 69 67 65 68 37 116 25 5 31 126 4 59 58 22 28 109 39 105 61 114 53 50 17 41 38 23 15 26
67 64 65 66 69 68 116 37 31 105 126 58 59 25 38 57 17 109 86 50 15 53 23 5 55 49 56 41 13 20
68 69 64 66 37 67 65 31 116 126 4 28 22 5 25 39 61 108 105 59 53 15 58 34 57 1 109 55 23 29
69 68 64 37 66 67 65 116 126 25 31 28 4 23 22 5 58 34 105 59 61 109 24 39 15 57 53 108 44 32
70 14 123 118 48 71 88 98 117 63 84 74 73 100 16 99 47 11 7 96 120 97 122 95 6 83 125 18 115 91
71 117 99 83 63 7 88 118 14 70 98 74 16 73 100 76 96 122 84 95 47 106 119 115 125 123 6 91 11 18
72 80 78 9 12 81 75 77 79 1 8 103 82 108 89 92 20 26 111 35 93 28 29 19 107 23 102 31 62 63
73 99 96 16 122 14 98 71 118 100 88 70 18 74 115 84 117 120 63 11 83 119 6 125 123 48 106 76 7 91
74 83 117 63 18 47 84 7 95 16 71 118 70 100 99 48 98 88 73 14 106 119 96 123 11 76 6 115 10 97
75 72 9 80 77 78 12 81 79 8 89 92 1 108 82 100 111 26 106 23 103 20 10 32 19 29 28 102 6 98
76 99 47 7 63 100 10 119 71 16 88 117 121 106 83 118 102 91 6 74 84 125 122 97 95 73 11 96 123 58
77 78 12 80 9 72 81 75 1 79 92 8 29 111 103 108 26 61 19 82 32 35 89 20 23 62 107 93 28 37
78 81 80 72 12 77 9 79 75 1 92 108 111 107 20 19 89 26 29 35 8 93 82 28 62 103 31 61 32 23
79 81 78 80 72 12 9 77 75 1 82 92 8 19 93 107 108 111 89 103 22 31 29 47 119 83 20 28 63 7
80 78 12 72 9 81 77 75 79 1 92 8 111 108 82 23 26 29 35 107 32 20 103 93 62 89 19 38 28 113
81 78 79 80 72 9 77 12 75 1 92 82 108 93 103 8 19 107 111 28 20 89 35 22 31 29 62 32 26 61
82 63 47 32 7 76 81 72 74 35 20 106 8 103 80 83 18 75 16 79 117 71 108 102 23 100 119 99 95 9
83 74 117 71 7 63 95 47 118 99 16 18 76 96 73 88 70 98 115 119 14 106 122 123 100 84 121 58 91 82
84 100 6 11 74 48 98 88 10 16 125 70 63 99 71 14 95 122 118 91 47 18 73 119 106 102 123 7 117 115
85 40 65 1 43 116 66 25 67 101 64 79 111 22 69 46 21 44 7 76 33 102 47 81 39 30 68 87 108 27
86 15 56 58 38 50 90 13 54 52 53 55 34 17 57 49 24 23 59 45 94 41 51 67 30 46 32 20 26 21
87 62 40 19 3 93 112 107 75 109 0 5 113 81 23 124 111 20 32 103 26 114 86 22 104 43 38 92 115 13
88 63 122 71 98 14 84 70 6 118 73 99 106 96 100 125 16 74 115 76 11 47 117 119 83 7 95 48 91 123
89 75 72 9 1 78 108 94 90 111 77 110 124 101 80 12 81 93 43 46 107 79 20 8 106 19 62 35 45 24
90 94 86 56 52 41 54 24 58 38 15 30 55 51 46 23 32 48 44 13 49 53 57 26 45 34 83 50 21 124
91 11 100 125 6 98 115 84 97 119 10 18 76 71 123 14 118 121 99 95 70 106 63 88 73 48 102 120 117 16
92 19 104 0 78 93 81 77 80 9 112 39 12 103 75 62 72 4 108 61 37 8 79 28 68 113 126 31 107 1
93 19 62 92 113 107 104 61 4 81 37 78 103 20 112 29 72 12 80 28 31 105 0 75 77 89 32 126 9 79
94 90 24 52 56 86 41 43 21 44 45 58 51 23 38 55 54 46 30 48 124 18 13 35 108 49 32 7 50 53
95 63 47 7 117 74 83 71 84 122 118 99 70 14 16 88 96 58 100 91 76 119 98 123 6 73 18 106 115 121
96 73 16 99 122 119 71 88 14 6 98 63 118 100 70 83 18 7 106 74 117 115 120 95 84 125 121 76 47 11
97 11 98 47 100 10 48 120 91 102 70 16 6 99 7 125 84 76 18 74 36 123 119 115 63 106 118 14 121 88
98 115 11 100 123 88 16 84 118 14 71 6 70 73 48 99 97 91 74 96 125 63 119 106 122 18 10 7 117 83
99 73 16 96 7 76 71 100 122 47 63 117 118 119 98 88 18 84 74 14 70 120 6 106 11 83 123 95 125 102
100 11 84 10 99 98 6 119 106 125 91 76 16 63 71 48 73 47 74 70 88 123 115 97 14 36 96 7 18 118
101 30 44 46 111 21 41 43 124 1 24 33 49 105 29 45 35 20 116 32 37 55 34 26 27 108 50 17 58 90
102 10 125 48 6 106 47 97 120 16 11 100 84 99 7 76 36 123 91 63 74 98 14 51 18 119 88 71 118 95
103 72 108 8 31 92 104 77 82 39 4 22 61 75 19 0 81 93 12 112 9 80 68 32 20 28 26 78 37 95
104 39 112 4 126 92 28 19 22 103 61 93 0 31 8 37 62 5 25 108 68 113 95 69 66 78 116 77 114 105
105 116 37 67 65 126 64 44 31 69 23 101 124 29 61 68 30 26 34 28 66 32 20 108 35 25 58 41 24 114
106 100 123 125 88 119 6 63 10 71 11 99 102 98 47 16 74 76 84 14 96 115 120 121 48 7 73 83 91 118
107 93 62 78 19 80 81 38 77 12 72 92 79 89 35 113 110 32 20 26 9 29 111 61 75 17 1 124 104 23
108 1 37 28 116 61 31 25 111 78 126 20 124 103 23 32 9 8 29 34 68 72 35 80 69 94 12 75 44 77
109 59 53 57 17 5 58 38 55 67 13 15 37 116 50 64 54 114 56 49 66 69 65 86 60 68 52 31 126 51
110 38 15 45 26 90 54 17 94 46 89 24 58 30 21 41 86 20 32 59 13 51 35 55 34 33 124 10 107 52
111 1 101 30 124 41 29 9 46 26 21 108 44 24 35 20 23 78 43 12 116 77 80 37 32 75 42 34 27 113
112 0 104 39 4 92 19 103 126 93 62 22 5 31 116 61 25 28 108 68 66 65 37 114 107 105 69 113 78 67
113 93 62 61 37 23 32 111 29 126 26 35 1 104 31 67 105 19 92 20 69 12 8 80 124 34 5 17 41 78
114 31 5 53 59 126 86 13 58 109 37 56 15 22 52 28 38 54 57 32 25 34 66 17 60 55 67 23 105 69
115 98 123 11 100 121 91 71 88 119 73 63 118 106 18 84 125 83 96 74 99 14 70 6 122 48 16 76 117 95
116 37 25 61 67 105 64 66 69 65 31 28 126 68 34 4 20 5 108 32 33 30 26 23 1 58 59 109 15 41
117 71 83 74 7 63 95 70 47 99 118 16 14 73 76 119 88 96 100 84 98 18 123 122 48 106 115 121 58 91
118 14 70 71 98 74 63 117 73 88 99 16 125 7 83 96 84 95 123 6 100 122 115 76 11 47 120 48 119 91
119 100 121 96 76 6 99 16 106 10 71 98 115 63 11 84 74 117 91 88 123 7 18 73 48 47 125 118 83 70
120 16 99 123 10 97 18 102 70 48 73 6 125 106 100 118 47 122 11 96 84 74 98 7 14 36 91 63 117 71
121 119 115 76 123 100 106 118 47 98 63 91 10 6 96 71 11 18 74 117 16 95 83 125 88 7 58 50 97 84
122 99 88 73 16 96 63 71 84 95 6 98 14 70 118 100 18 120 125 11 47 76 117 83 106 115 74 7 123 119
123 98 70 115 106 100 18 47 120 11 14 118 99 63 48 10 121 71 119 84 7 16 74 91 73 117 6 97 83 88
124 44 111 41 101 32 24 26 21 37 108 30 23 49 20 105 29 45 46 35 116 28 94 33 86 34 56 90 60 126
125 6 11 100 91 84 106 102 118 98 88 71 99 14 48 120 16 119 122 70 73 115 63 76 47 97 96 10 74 18
126 37 61 69 5 39 31 66 4 28 116 104 67 65 68 25 64 105 108 23 34 114 26 15 58 59 32 53 22 35
