0 87 3 117 12 72 81 104 76 74 9 60 19 52 49 26 83 92 8 95 79 116 100 125 53 75 14 5 58 4
1 52 92 60 39 65 12 64 67 116 4 50 56 104 108 25 100 98 8 66 79 48 59 49 69 70 84 88 83 54
2 107 3 0 93 14 9 47 117 82 121 119 122 76 102 81 80 70 75 99 11 16 95 32 18 7 19 125 48 115
3 87 0 81 121 107 74 9 7 117 14 2 93 125 19 73 76 80 77 83 75 103 6 62 119 100 118 18 12 8
4 104 116 39 67 66 52 49 60 92 86 26 1 64 53 58 55 109 54 79 56 59 23 100 12 5 50 31 13 65
5 86 15 13 38 49 26 50 53 116 58 37 31 32 29 57 54 23 105 4 8 22 12 59 25 52 80 109 104 56
6 121 14 120 125 71 97 7 118 98 18 73 63 76 119 11 83 122 91 16 99 115 117 111 96 57 67 1 47 48
7 122 76 121 14 125 83 73 63 6 100 95 119 48 117 79 96 120 52 118 98 16 12 60 91 71 70 97 62 50
8 52 50 12 104 23 55 54 125 58 100 53 49 60 103 113 57 56 92 29 32 79 1 76 119 59 108 109 13 117
9 52 83 92 74 79 104 12 87 60 1 95 0 14 49 96 4 26 10 76 50 70 109 53 72 117 125 75 29 88
10 96 118 98 63 100 52 60 123 48 53 97 122 84 119 83 91 101 92 117 125 1 40 95 12 44 11 49 121 9
11 63 73 98 70 71 14 96 91 119 6 118 18 16 48 122 97 123 125 76 100 88 99 111 115 7 10 40 1 120
12 79 52 50 60 104 49 92 8 53 56 116 1 29 58 100 76 26 80 23 125 81 95 20 119 86 75 74 55 69
13 59 109 67 15 54 116 64 65 39 58 23 66 57 55 50 53 5 69 36 56 52 25 86 31 49 37 17 38 12
14 125 6 7 76 73 121 119 18 122 11 96 63 120 83 16 99 47 100 97 98 117 70 29 57 12 50 118 20 71
15 13 116 17 126 5 22 65 64 37 31 26 54 86 58 105 90 85 50 56 53 67 69 29 42 32 49 57 68 101
16 71 106 47 99 88 122 96 70 11 102 98 119 125 14 118 115 7 18 6 73 120 20 29 32 76 97 121 63 105
17 15 28 22 126 30 69 85 13 20 50 61 37 25 29 31 90 5 38 114 64 36 54 53 42 12 66 58 79 56
18 97 119 14 6 125 11 20 16 76 47 98 73 100 110 118 7 1 71 96 99 63 61 121 120 25 29 23 122 115
19 26 60 0 92 63 12 50 52 81 4 9 87 83 121 7 125 53 108 76 67 31 117 39 3 74 104 73 14 56
20 32 29 28 12 35 47 18 17 125 119 16 26 61 105 14 113 15 80 76 114 106 126 25 8 37 22 100 75 110
21 41 43 33 24 36 27 46 44 59 111 42 109 90 45 94 40 124 39 13 30 65 67 64 85 34 98 101 96 57
22 126 34 15 17 85 30 37 61 105 86 28 90 5 35 114 29 116 20 38 113 69 26 13 80 31 106 32 53 23
23 26 116 13 8 104 55 50 58 54 52 67 12 53 56 59 109 86 57 66 32 49 92 4 103 1 39 37 5 38
24 27 41 33 21 36 43 90 46 42 111 94 44 45 40 85 59 124 109 34 13 91 30 115 123 64 39 67 15 98
25 28 31 69 50 116 67 13 39 1 37 40 49 56 53 65 66 59 57 126 52 64 111 4 15 109 96 54 29 12
26 116 23 104 53 4 32 12 86 105 56 5 15 60 50 52 49 76 67 29 92 55 8 125 19 1 20 58 109 79
27 24 43 41 33 36 21 46 90 42 111 124 94 45 44 59 109 30 34 85 40 13 67 57 68 64 65 15 98 48
28 25 17 37 31 29 20 126 61 12 47 22 50 15 13 75 125 69 51 116 8 58 32 38 80 117 72 18 119 23
29 20 105 12 28 32 125 119 8 47 80 116 113 37 26 15 5 76 96 53 16 100 58 49 23 14 25 104 78 22
30 45 85 126 90 34 42 22 17 27 36 94 114 24 15 43 21 33 13 25 41 5 68 106 37 28 46 40 35 20
31 25 28 37 39 65 50 116 15 13 67 58 56 5 12 108 54 53 49 86 52 64 69 66 4 60 126 1 104 38
32 20 26 35 29 53 114 8 23 15 5 86 104 50 105 16 61 12 55 126 119 125 75 47 122 110 97 116 79 103
33 21 41 24 43 27 36 46 42 90 45 44 111 94 59 109 85 40 124 30 57 13 34 39 67 11 65 55 123 101
34 85 90 22 30 27 24 68 126 45 43 42 36 33 40 21 41 15 94 37 39 17 46 124 13 59 64 106 48 69
35 32 20 114 113 126 110 22 61 26 37 80 105 81 5 29 78 28 18 54 15 103 14 119 86 17 23 47 8 107
36 24 21 27 43 33 41 90 46 42 44 111 45 13 94 30 59 40 109 85 124 64 67 15 65 34 123 39 66 17
37 28 126 22 31 78 15 116 25 13 29 61 105 5 80 23 49 54 50 106 17 38 12 56 20 86 35 58 26 113
38 86 50 110 5 57 116 65 54 59 109 13 114 105 49 67 79 39 8 23 56 104 52 31 64 55 58 37 25 53
39 67 66 116 64 65 4 59 109 60 13 1 52 31 69 55 57 58 53 50 25 54 56 104 86 49 101 12 38 40
40 44 111 124 41 67 24 64 25 90 21 108 101 65 36 46 98 39 13 27 53 70 10 59 63 96 69 48 91 11
41 21 33 24 43 27 36 46 44 111 90 42 94 40 59 109 124 45 13 67 39 98 64 91 57 55 48 65 11 34
42 27 90 24 45 33 36 94 46 85 21 30 41 43 44 15 111 126 68 34 40 17 13 114 57 22 69 25 99 124
43 21 41 27 46 33 24 36 59 44 111 109 90 42 94 124 67 65 45 13 39 40 64 34 30 57 85 55 11 98
44 21 46 41 43 36 24 33 111 40 101 94 27 98 42 67 64 59 90 124 65 91 10 109 96 118 45 66 63 57
45 30 85 42 126 33 90 36 24 27 21 94 41 114 43 106 46 34 44 111 15 17 37 25 28 22 68 61 110 13
46 43 21 27 41 33 24 44 36 111 94 42 90 67 57 65 40 68 64 59 124 39 109 45 98 14 11 97 25 122
47 16 88 99 125 70 29 106 115 119 98 14 71 76 20 96 18 28 123 97 32 118 11 122 110 25 6 105 117 73
48 98 91 122 83 119 7 123 63 118 96 100 84 11 10 1 117 97 125 111 95 40 70 64 60 124 73 58 39 92
49 52 58 56 53 50 60 12 116 51 55 92 4 104 79 65 8 69 54 101 67 5 86 59 64 105 100 66 109 57
50 56 52 57 12 49 58 53 54 60 79 109 59 67 8 92 55 104 65 86 13 23 38 64 25 1 31 108 39 5
51 56 49 58 53 50 55 66 12 54 69 57 104 52 23 28 105 67 15 60 65 86 37 1 26 5 64 79 78 92
52 60 49 53 50 92 104 12 56 58 109 79 59 67 101 8 1 64 95 55 100 4 116 83 57 65 39 54 108 74
53 60 52 49 55 67 56 50 58 59 109 54 79 12 57 92 13 65 26 104 101 8 51 86 66 116 100 39 69 64
54 58 13 50 67 53 59 56 55 8 65 52 108 57 64 109 60 49 23 66 39 15 38 104 4 86 1 92 31 116
55 57 109 59 53 67 56 58 52 49 50 23 8 13 54 66 104 60 39 116 4 86 51 12 79 65 26 64 103 105
56 50 49 58 51 52 53 60 57 55 65 66 64 67 54 12 69 59 104 92 1 13 26 109 8 79 116 39 23 15
57 55 67 50 109 59 56 52 53 13 54 66 86 38 39 65 8 49 68 64 23 58 101 46 15 104 60 5 25 92
58 49 56 54 50 53 52 60 55 13 51 67 66 8 12 64 104 65 59 23 109 79 116 39 15 69 4 92 5 108
59 109 67 13 55 57 52 53 65 43 50 64 39 60 101 54 21 56 66 41 58 49 79 33 27 23 116 38 24 1
60 52 53 92 49 56 58 50 64 65 12 84 79 104 67 59 95 1 39 109 100 116 88 4 83 70 101 54 66 8
61 22 105 37 126 80 28 78 17 20 113 81 32 35 15 82 106 18 93 25 116 29 107 31 26 5 12 23 119 13
62 103 79 7 92 81 87 104 117 108 110 50 83 8 121 84 52 1 100 93 53 125 60 74 95 54 75 23 9 72
63 96 83 125 11 122 118 7 98 6 14 76 100 73 111 10 48 119 84 95 70 91 117 121 53 52 124 67 60 88
64 65 66 67 39 60 52 59 13 56 101 69 109 1 54 50 58 116 68 49 15 53 4 40 57 92 44 104 55 46
65 64 67 39 60 59 56 13 109 101 52 1 50 54 66 108 53 69 116 49 58 15 31 57 38 46 68 40 55 43
66 39 64 67 69 4 56 13 58 65 55 57 116 59 60 109 54 53 49 50 52 1 23 104 68 12 25 31 51 101
67 109 59 39 57 66 64 13 53 65 55 52 54 4 50 60 56 58 116 101 69 1 46 49 108 40 104 25 23 31
68 69 85 64 57 67 65 66 101 46 56 15 42 34 39 90 50 94 27 31 40 13 52 25 49 126 36 44 59 1
69 66 116 64 68 56 67 65 25 49 13 39 60 53 58 52 17 123 15 12 1 50 31 101 104 79 57 55 40 92
70 88 95 60 11 47 123 74 84 16 100 76 91 63 1 125 71 52 96 92 40 7 111 106 98 14 48 122 26 118
71 16 118 6 97 98 11 91 115 47 119 70 7 95 14 63 122 18 84 111 120 76 88 121 48 32 74 106 96 46
72 75 108 104 0 79 1 12 9 103 83 60 125 95 100 8 117 77 28 52 74 38 65 14 13 39 58 7 54 66
73 76 121 125 122 7 119 14 11 100 117 6 83 63 97 120 99 96 95 16 98 18 55 118 88 12 48 123 70 50
74 95 52 60 70 100 76 12 9 88 92 53 0 49 84 7 79 75 83 104 102 119 87 117 3 71 72 1 58 62
75 72 117 12 104 125 79 92 1 100 119 8 95 74 103 32 28 52 20 23 60 9 0 7 81 80 76 73 49 50
76 125 100 73 7 119 95 14 83 120 121 117 122 63 12 6 52 104 70 115 26 74 8 98 79 53 11 49 47 29
77 108 81 87 37 72 80 0 20 3 78 35 79 83 62 54 38 113 9 84 75 82 96 63 92 117 100 105 97 29
78 80 37 61 82 81 113 29 105 106 119 116 12 23 86 26 32 35 20 49 126 125 51 5 104 4 8 31 79 18
79 12 52 50 104 60 53 92 49 109 83 58 59 56 8 116 125 86 7 1 108 9 76 4 84 55 95 13 38 81
80 81 78 113 12 29 61 37 105 107 82 20 5 35 87 119 93 31 23 75 58 32 86 28 22 51 79 125 14 103
81 80 82 12 107 113 3 79 0 77 103 62 78 93 50 61 87 26 86 35 19 8 75 23 37 104 29 76 73 125
82 81 78 93 80 61 12 113 79 86 75 119 20 50 107 22 17 103 125 38 76 51 32 28 8 23 77 7 73 104
83 125 117 100 63 7 76 121 95 119 122 52 84 48 60 98 73 79 6 9 53 49 118 92 14 10 1 96 108 104
84 91 60 83 100 95 118 98 88 52 119 70 48 63 53 10 123 79 1 92 96 101 74 117 125 65 122 108 7 116
85 90 34 30 45 126 42 22 68 15 24 17 27 36 33 114 94 69 43 46 21 37 40 13 65 41 25 106 64 57
86 5 38 50 4 116 57 49 53 26 13 15 39 55 52 79 109 104 12 23 54 59 92 58 56 32 67 22 31 8
87 3 0 9 79 7 62 81 77 80 121 74 52 19 108 83 104 12 50 92 26 60 125 49 95 14 76 100 86 53
88 70 60 95 16 47 84 96 52 74 1 11 104 92 63 100 12 122 73 14 50 79 4 125 67 25 49 98 53 123
89 107 103 113 81 61 80 93 8 100 6 35 18 119 68 76 20 106 16 73 62 126 125 102 99 7 32 120 105 87
90 24 85 36 27 42 94 33 30 34 43 46 41 45 21 126 15 40 111 44 68 13 22 17 91 64 124 67 115 57
91 84 118 48 98 11 115 123 71 70 63 10 6 95 96 122 7 111 119 64 100 83 60 24 97 120 40 44 69 125
92 52 60 1 12 49 50 79 53 4 56 104 95 8 116 58 64 109 67 9 83 59 86 84 26 54 23 65 74 10
93 82 81 103 80 61 121 62 0 73 3 105 26 7 76 117 119 125 18 107 14 87 19 113 9 2 72 12 74 102
94 90 46 42 24 114 41 43 111 27 44 33 45 36 21 30 126 40 124 68 85 15 64 101 91 59 25 70 115 34
95 74 100 70 76 52 60 83 84 88 7 104 98 119 125 92 53 63 117 12 96 79 1 91 49 73 122 9 10 48
96 63 118 122 100 98 10 99 119 14 11 125 16 48 88 7 115 73 52 95 84 29 60 123 1 91 83 70 47 76
97 98 18 118 6 71 119 73 11 10 122 125 1 76 48 121 14 111 7 120 91 95 96 100 16 115 47 63 117 46
98 97 118 48 119 11 96 83 122 63 91 100 6 71 84 10 125 95 44 1 123 16 76 47 111 115 7 40 52 14
99 115 122 16 96 47 73 118 14 119 11 125 6 76 120 121 123 100 7 29 18 98 20 91 106 117 63 71 105 48
100 119 125 76 95 117 83 52 60 122 84 96 7 73 104 98 8 12 63 10 49 53 48 70 1 74 11 14 91 4
101 52 109 59 64 65 67 44 60 53 49 50 108 57 39 40 68 56 84 10 116 1 58 98 69 13 15 92 79 54
102 16 74 106 75 88 71 14 112 113 6 9 93 61 20 120 121 70 99 32 77 29 42 2 37 80 105 3 1 72
103 62 104 8 50 55 23 110 12 81 79 108 125 117 57 75 7 100 53 56 76 72 119 1 52 20 93 26 86 32
104 52 4 79 12 60 8 49 23 50 26 56 53 100 116 58 55 95 103 92 67 1 125 76 39 119 86 54 9 75
105 29 26 49 116 15 61 113 37 22 38 119 8 58 55 13 5 86 80 104 56 20 32 23 50 106 14 12 78 69
106 16 126 47 123 116 70 119 45 37 105 78 20 125 61 29 69 49 88 99 71 102 15 28 22 76 18 32 115 84
107 81 80 3 2 61 89 119 35 82 113 73 93 14 0 86 121 19 76 99 125 22 117 6 78 7 18 120 12 28
108 54 65 52 67 60 77 50 1 72 101 40 58 79 31 56 8 12 53 64 83 13 49 124 103 100 109 59 92 63
109 59 67 55 13 57 52 53 50 101 39 65 60 64 43 54 21 79 66 58 41 116 49 56 23 38 86 27 33 4
110 38 50 103 114 35 18 20 23 8 86 32 62 47 105 25 59 97 26 5 57 14 37 12 49 81 117 55 116 79
111 46 41 27 124 24 43 21 44 33 36 40 94 63 98 42 90 97 91 11 70 122 48 25 118 120 96 71 6 1
112 1 92 116 26 4 46 67 39 44 88 111 10 124 65 25 43 96 70 118 21 60 24 108 109 66 102 101 36 31
113 80 8 105 81 29 35 78 20 61 82 22 37 14 125 32 76 119 18 103 89 12 28 107 77 93 0 16 23 106
114 94 126 32 45 35 38 30 86 110 22 20 5 85 17 25 116 15 28 26 105 39 46 66 23 29 61 42 47 4
115 120 99 118 91 76 47 71 96 16 98 119 11 6 125 97 122 29 121 18 123 24 70 7 111 73 63 100 14 106
116 26 39 4 23 13 49 69 15 52 60 67 12 65 66 86 64 104 1 25 58 53 109 105 31 38 56 37 79 55
117 100 125 83 119 76 122 121 73 75 7 95 63 48 0 104 52 8 10 14 12 49 60 84 96 103 98 79 6 92
118 96 98 71 63 91 97 6 122 119 84 10 115 48 11 83 7 99 16 121 125 111 14 73 120 18 95 70 100 123
119 100 125 76 117 122 83 98 18 73 14 97 96 48 118 7 95 6 11 52 63 84 29 121 49 12 104 47 10 8
120 6 115 76 121 125 14 73 7 16 97 63 91 99 83 118 11 111 71 117 98 122 18 119 70 100 96 22 95 32
121 7 6 73 125 76 83 117 120 14 122 119 63 97 118 3 99 10 16 100 95 86 18 52 11 71 87 96 98 50
122 7 73 96 117 119 63 83 125 100 48 14 99 98 121 76 118 16 11 97 10 6 60 52 91 95 111 88 84 71
123 48 10 70 91 98 69 11 84 96 106 60 95 119 63 83 99 100 47 73 118 64 76 101 116 122 7 88 1 56
124 111 40 27 41 43 24 21 63 46 44 36 108 59 48 83 33 94 109 122 65 67 101 90 98 117 7 57 1 34
125 76 119 100 83 117 14 73 121 7 63 6 122 120 8 52 98 95 96 47 29 18 12 104 79 11 16 97 70 1
126 45 30 85 22 15 37 17 106 114 90 28 61 42 25 94 31 35 34 32 20 116 13 69 5 36 29 105 78 68
