0 19 93 92 2 108 48 1 123 122 115 16 83 120 116 47 112 76 3 70 4 105 84 99 95 18 125 110 119 121
1 108 116 105 31 60 123 83 55 92 16 4 122 47 53 59 70 14 125 95 84 19 120 99 48 18 121 63 109 66
2 0 108 92 112 1 93 88 48 76 115 97 122 110 123 19 3 18 120 16 83 60 119 70 95 98 99 63 47 4
3 107 19 62 89 0 103 82 92 81 8 79 87 75 80 2 71 38 93 12 88 9 77 111 104 97 48 15 78 106
4 109 106 105 108 116 59 53 118 60 121 54 1 122 96 51 117 120 95 50 49 31 7 115 56 91 18 72 47 55
5 86 94 24 30 90 40 17 41 33 36 43 44 22 69 25 126 67 66 65 64 68 29 85 61 34 45 39 15 102
6 118 99 102 96 84 98 83 123 73 47 105 106 18 121 125 60 122 55 14 119 109 7 31 67 59 27 117 63 120
7 47 60 96 55 98 59 121 109 84 122 95 125 63 16 106 120 57 123 83 53 99 31 14 56 117 54 49 70 91
8 62 104 103 80 79 77 61 12 82 81 113 111 114 38 89 78 87 107 29 26 13 75 126 20 9 25 101 22 3
9 78 12 8 82 80 77 79 87 81 111 113 75 103 107 38 114 104 62 89 26 29 20 61 101 3 13 126 97 71
10 119 120 97 106 49 88 121 91 51 117 109 57 55 54 56 123 96 71 58 52 14 50 73 124 95 6 118 7 48
11 18 98 125 102 63 122 53 55 117 70 84 115 60 95 123 83 59 47 96 67 6 34 16 105 121 65 68 88 74
12 80 77 81 78 79 82 87 111 8 38 103 62 26 20 29 113 75 13 104 9 107 61 89 114 25 126 22 101 3
13 38 111 126 113 8 87 12 114 61 62 103 26 25 80 104 77 79 107 29 20 81 82 78 22 75 89 9 71 101
14 84 95 96 83 125 120 121 123 88 55 117 70 60 98 59 122 16 18 109 115 63 58 48 47 7 31 85 53 119
15 23 121 28 39 66 4 18 106 31 69 125 14 120 116 49 95 10 117 97 92 19 108 109 105 54 53 27 123 51
16 70 63 125 123 83 55 120 95 121 122 60 98 115 47 48 59 96 14 84 53 7 117 99 18 76 118 31 85 108
17 86 5 69 66 109 65 106 67 49 85 15 6 68 56 50 51 102 34 54 23 73 64 100 118 44 4 37 11 94
18 125 95 11 98 53 122 117 84 63 123 115 47 55 70 14 60 83 96 102 16 105 99 6 88 59 121 7 120 106
19 93 92 0 16 70 1 48 47 123 83 84 95 122 3 125 120 98 14 31 18 115 76 99 55 63 96 117 108 15
20 80 79 26 81 29 77 82 12 78 61 25 111 22 113 8 87 126 114 13 104 38 103 75 89 62 107 9 101 71
21 27 42 85 45 118 67 68 53 60 55 46 49 59 34 52 70 65 64 109 54 57 84 100 99 14 56 66 83 117
22 25 30 126 24 41 26 33 29 61 20 86 90 36 94 5 40 80 113 82 13 81 79 77 111 43 78 38 12 44
23 32 15 106 121 118 120 31 6 10 99 69 4 95 117 14 17 96 109 19 7 91 47 84 85 125 52 16 49 102
24 41 30 33 90 94 40 36 86 43 5 22 44 25 126 17 68 67 61 69 45 29 124 64 101 21 39 65 26 34
25 22 126 61 29 26 20 80 81 77 8 82 13 111 113 79 114 12 78 104 38 101 30 44 87 62 33 43 86 36
26 29 20 61 79 78 111 80 8 113 82 77 81 12 38 25 22 87 114 126 104 13 62 107 89 103 101 75 9 71
27 21 42 46 45 85 117 49 53 54 60 106 124 68 57 6 50 102 67 122 52 84 18 116 118 56 65 34 64 119
28 106 49 39 46 109 56 116 54 108 57 50 66 58 64 52 53 105 60 45 31 51 15 7 85 59 96 14 117 27
29 26 80 20 61 25 81 79 8 77 82 78 111 12 104 113 114 87 62 22 126 89 38 103 107 101 13 71 75 9
30 24 41 33 36 94 90 40 86 43 22 5 44 25 126 17 67 68 69 64 124 61 42 21 65 29 27 45 101 85
31 69 55 67 60 59 65 109 34 108 68 66 53 105 85 95 121 70 84 63 54 47 56 7 14 1 16 125 83 49
32 23 106 4 105 7 120 72 15 95 10 121 14 117 85 109 97 63 96 47 116 123 18 119 92 37 6 48 91 53
33 30 24 41 36 90 94 40 43 86 44 5 22 25 126 67 68 21 17 45 42 64 124 69 27 101 61 65 46 34
34 67 68 59 109 55 60 65 56 54 85 57 50 58 52 49 69 31 53 66 51 105 21 63 118 84 14 102 98 7
35 19 93 0 74 92 37 20 32 26 48 23 83 75 91 71 1 11 76 126 17 98 13 3 70 16 72 119 9 38
36 33 30 94 24 40 90 41 43 86 44 5 22 25 45 126 27 46 21 39 42 64 68 67 124 101 69 17 74 61
37 4 106 39 66 17 32 105 65 31 45 15 69 11 109 23 1 6 96 28 119 88 98 73 91 117 49 18 116 7
38 111 13 113 8 12 87 79 62 114 126 80 77 26 103 61 107 82 78 81 104 29 75 89 20 25 9 22 71 3
39 28 46 45 105 27 42 66 15 21 64 49 69 106 124 85 108 67 54 109 53 96 116 37 1 65 56 57 98 31
40 94 24 41 90 36 33 30 86 43 5 44 22 67 64 69 45 39 21 65 68 17 42 25 126 27 66 100 85 74
41 24 30 33 90 40 94 36 86 43 22 5 44 25 126 17 67 68 69 29 65 61 64 124 101 26 45 21 42 34
42 27 21 46 45 85 54 124 49 57 105 68 53 64 119 83 67 106 60 84 50 52 55 34 116 56 96 43 14 117
43 33 36 30 94 44 24 40 41 90 86 5 42 101 27 22 46 126 25 45 21 124 17 49 64 39 73 54 28 85
44 43 36 33 30 94 90 24 40 86 41 5 126 42 25 22 46 27 17 101 85 21 64 69 67 66 39 28 45 106
45 46 21 27 42 39 105 49 124 66 106 84 54 85 28 68 53 60 57 123 55 65 74 56 58 31 6 88 64 52
46 27 45 42 21 28 49 39 124 64 106 56 52 54 85 53 58 51 91 116 57 88 119 105 66 60 102 101 73 117
47 96 123 55 7 95 99 16 125 60 59 18 115 121 63 48 83 70 105 122 98 84 53 120 109 14 31 6 91 118
48 123 115 120 125 16 96 83 70 122 121 88 47 63 119 98 91 55 117 14 84 95 60 7 97 18 76 105 93 106
49 56 57 54 52 58 50 51 109 60 53 59 55 106 34 21 67 68 85 27 28 10 66 121 118 105 65 42 91 31
50 54 57 56 52 49 58 109 59 51 60 53 55 34 68 85 67 106 108 65 91 117 121 73 118 31 7 119 21 105
51 58 56 49 52 57 54 50 109 60 59 55 53 34 68 106 91 85 10 73 124 14 119 95 67 4 88 118 7 105
52 56 49 54 57 50 58 51 109 59 60 55 53 34 118 68 85 99 106 21 67 108 91 121 120 105 31 7 10 65
53 60 59 55 49 54 109 57 56 50 52 18 63 58 117 108 95 85 122 70 99 51 34 21 16 31 65 125 105 123
54 49 57 50 56 52 58 60 51 109 59 53 55 34 106 68 121 67 105 66 85 96 42 31 65 108 120 117 7 21
55 60 59 53 57 70 109 58 56 52 54 95 120 50 49 125 34 96 47 16 123 84 83 63 121 115 31 85 14 117
56 49 52 57 58 54 50 51 109 59 60 53 55 34 68 67 85 106 91 65 31 118 7 66 105 121 21 108 47 99
57 49 54 56 50 52 58 60 51 109 59 55 53 34 68 67 85 7 124 121 21 42 120 99 65 106 10 31 95 117
58 56 49 52 57 51 50 54 60 109 59 55 53 34 68 95 67 91 14 85 121 31 105 21 120 124 117 10 106 108
59 60 109 55 53 56 50 57 52 58 54 49 68 34 85 51 67 121 99 65 95 31 14 117 96 7 118 70 16 72
60 59 55 53 57 54 56 109 49 58 50 52 51 34 121 123 95 70 63 125 7 117 16 99 122 84 83 96 120 31
61 8 126 26 29 25 114 113 104 111 80 81 79 20 38 77 82 13 22 12 62 78 103 107 87 89 75 101 9 71
62 8 103 89 107 104 113 114 82 38 81 12 77 80 79 78 87 111 75 29 61 13 26 126 71 3 9 20 25 101
63 16 70 125 123 55 60 83 53 98 18 122 115 121 95 47 59 102 120 96 84 7 48 117 11 99 14 31 85 118
64 67 69 85 68 66 109 21 59 65 105 60 54 34 42 53 46 50 56 31 49 52 28 116 27 58 57 55 96 7
65 67 69 34 85 109 68 59 31 66 60 53 55 56 21 54 49 50 57 64 118 98 102 52 99 58 100 117 84 6
66 69 67 65 109 34 31 54 85 64 49 53 105 56 60 21 59 116 68 55 50 57 58 108 6 52 51 28 118 14
67 68 34 69 85 65 64 59 66 109 55 31 60 21 54 56 57 50 118 53 105 49 58 102 52 96 116 98 47 7
68 67 34 85 59 109 69 65 55 50 60 21 56 57 54 31 58 52 118 49 64 100 51 53 105 96 121 47 84 66
69 67 66 65 31 68 85 34 109 64 59 105 55 21 54 53 118 56 60 50 49 6 7 14 96 98 57 47 108 100
70 16 63 125 83 55 98 120 123 115 84 121 95 60 96 76 117 14 122 48 59 53 18 99 47 31 11 85 21 100
71 97 119 88 91 10 73 120 106 123 14 117 48 96 51 62 95 107 84 29 121 89 124 111 125 109 103 83 122 101
72 59 55 109 60 47 95 53 85 99 70 50 120 83 58 57 16 52 121 63 115 56 4 68 34 7 14 125 91 96
73 106 118 6 119 50 51 91 49 109 54 10 52 99 71 56 88 14 53 97 58 18 59 4 96 7 102 95 84 123
74 11 98 76 83 88 45 70 14 48 100 84 125 123 115 120 96 42 119 55 60 117 68 21 6 122 65 121 10 91
75 103 79 82 81 77 80 113 78 12 87 8 111 62 107 114 104 38 9 89 20 29 26 61 101 13 3 126 25 71
76 70 125 98 83 84 123 16 112 120 115 55 95 48 121 14 122 63 60 96 11 117 47 74 18 31 100 19 59 93
77 80 81 79 82 12 78 8 111 20 29 75 87 26 62 103 38 61 113 104 107 89 25 9 114 13 126 22 101 3
78 79 82 77 12 80 81 111 87 8 26 29 113 20 75 62 38 9 103 61 104 114 107 89 25 126 13 22 101 71
79 80 82 77 81 78 12 111 8 87 20 26 29 75 103 38 104 62 61 107 113 89 114 9 25 13 126 22 101 3
80 81 77 79 82 12 78 111 8 20 29 87 26 103 75 38 104 62 61 113 107 89 25 9 114 13 126 22 101 3
81 80 82 77 79 12 78 8 20 111 29 103 75 26 87 62 104 61 107 89 113 38 25 9 114 126 13 22 101 3
82 81 79 80 77 78 12 111 8 75 87 29 103 26 20 62 107 38 104 89 113 61 9 25 114 126 13 22 101 3
83 125 84 70 98 120 123 14 122 16 121 96 55 115 63 95 117 60 48 99 18 76 47 59 105 7 6 53 31 11
84 98 83 14 95 125 70 55 123 96 60 18 120 121 122 88 16 117 7 99 63 59 76 6 115 47 105 31 11 48
85 68 67 59 109 65 55 34 21 69 60 53 50 117 118 31 27 52 57 49 56 64 42 54 66 70 99 63 116 58
86 5 94 24 30 40 41 33 90 36 17 43 22 44 69 67 65 25 126 68 64 66 29 85 124 34 61 45 102 49
87 12 79 80 111 78 8 82 38 77 113 81 114 103 107 104 13 75 62 26 29 89 20 9 126 61 101 25 3 22
88 14 119 117 84 48 71 96 91 97 120 123 95 121 10 122 125 106 115 98 18 83 55 60 70 51 58 11 73 27
89 62 8 103 107 104 82 81 80 79 87 12 113 77 29 114 78 111 38 61 26 75 3 71 20 9 25 126 101 13
90 94 24 41 40 30 33 36 86 43 5 44 22 25 126 17 64 69 61 101 45 27 29 67 39 68 21 65 42 74
91 119 97 109 120 88 48 60 96 55 59 58 106 121 56 115 51 47 123 49 10 14 50 71 54 85 7 63 52 84
92 19 93 0 1 2 112 121 48 83 123 16 125 122 15 95 70 84 18 14 98 88 96 99 119 63 4 120 117 47
93 19 92 0 16 48 115 95 108 122 70 120 125 119 18 123 83 47 96 98 84 14 4 1 76 63 55 105 11 121
94 90 40 24 36 30 41 33 86 43 5 44 22 17 126 25 68 67 42 45 69 27 39 21 34 64 65 101 124 61
95 14 84 55 120 18 125 123 60 70 16 47 121 83 96 59 53 99 63 122 117 7 115 109 98 31 58 105 88 48
96 120 14 47 121 98 125 123 55 83 117 7 70 84 60 95 48 59 16 122 6 109 63 88 106 115 119 18 91 118
97 119 71 91 120 10 88 106 123 48 96 117 121 122 14 95 54 49 73 125 42 83 60 84 55 57 53 109 124 98
98 84 125 83 70 96 18 123 63 16 122 14 55 120 11 7 121 115 60 117 76 95 6 48 47 99 102 59 85 53
99 118 60 6 59 47 55 95 53 70 84 83 109 16 63 96 7 52 121 85 123 105 98 18 102 57 21 125 49 120
100 68 59 70 21 118 96 55 109 31 67 60 98 16 65 99 85 84 63 53 7 34 47 52 69 121 56 64 95 125
101 124 29 107 46 43 126 26 87 25 81 97 82 79 78 113 8 61 71 42 62 77 27 80 103 75 12 89 111 20
102 118 6 63 11 18 96 67 98 55 99 125 47 60 123 70 34 68 53 109 106 65 121 31 84 85 27 59 116 83
103 62 8 107 104 75 113 82 81 89 80 12 79 114 77 87 38 111 78 13 61 29 9 26 126 20 71 3 101 25
104 8 62 103 114 107 61 81 89 80 79 87 82 77 29 12 113 38 78 26 111 126 75 13 20 25 9 71 22 101
105 60 55 59 108 31 123 109 47 34 53 116 83 67 84 95 54 4 99 125 1 66 18 49 68 6 56 98 14 96
106 109 49 117 118 123 10 54 121 96 73 4 28 7 119 97 56 91 52 50 60 51 120 6 53 88 14 122 47 95
107 62 103 8 104 89 82 87 38 79 81 113 80 114 12 77 75 111 78 61 29 3 13 26 9 101 126 71 97 20
108 53 116 60 59 31 122 109 55 105 1 4 85 54 115 50 56 16 63 52 49 83 58 120 70 57 123 28 117 66
109 59 56 50 49 54 60 57 52 58 51 53 55 68 34 85 67 65 106 31 118 91 121 4 66 96 7 117 14 69
110 112 0 2 15 92 88 76 64 83 48 101 120 97 84 23 122 93 96 6 71 123 19 121 46 108 14 45 118 125
111 38 79 12 80 82 8 77 78 13 87 81 26 113 29 61 103 75 62 114 126 20 107 104 9 25 89 22 71 101
112 76 123 125 83 70 1 2 92 16 120 122 0 115 110 98 121 48 96 14 84 63 95 47 117 18 55 108 105 88
113 114 8 38 103 111 62 26 87 61 13 78 12 75 107 77 126 82 79 80 104 29 81 20 89 25 9 22 101 71
114 113 8 104 62 61 103 126 87 38 13 107 111 29 26 12 78 79 89 80 77 75 81 82 20 25 9 22 71 101
115 70 125 120 48 83 123 55 122 117 16 63 18 98 47 60 121 95 96 53 84 14 91 11 59 108 76 88 7 119
116 108 105 1 85 4 118 67 66 21 53 109 59 28 60 34 102 49 54 65 42 27 55 56 64 14 99 52 83 16
117 123 122 125 121 96 120 60 83 55 70 53 115 14 18 106 88 59 98 84 95 109 63 85 16 27 119 11 48 7
118 99 6 102 109 21 59 106 52 85 68 67 53 96 60 73 55 49 63 56 47 16 121 116 54 4 34 50 100 70
119 97 91 10 88 71 120 121 123 48 96 106 55 117 73 109 60 125 14 54 122 124 83 84 6 50 115 51 70 85
120 121 123 96 125 83 55 70 14 95 115 16 117 48 60 122 84 97 98 10 119 59 91 63 109 88 7 47 106 53
121 125 120 123 96 60 83 14 117 70 55 16 95 122 59 84 63 98 48 109 47 7 106 115 119 54 31 91 99 53
122 83 117 125 123 16 115 18 121 60 120 98 63 55 84 70 14 48 53 96 95 108 7 59 11 47 88 109 106 6
123 125 120 121 117 48 83 70 16 96 47 60 55 122 95 98 63 14 84 115 18 106 119 105 53 59 88 76 7 6
124 57 42 21 119 49 51 27 101 50 58 54 46 10 52 85 45 56 91 60 55 109 97 121 120 68 59 96 88 105
125 70 121 98 123 83 16 120 63 14 115 18 96 84 55 122 117 95 60 48 47 11 76 59 7 53 105 31 119 102
126 61 25 13 22 114 38 113 8 111 26 29 20 104 87 81 77 12 79 82 80 62 107 103 78 44 101 43 89 33
