0 93 62 107 2 19 112 92 3 78 12 90 8 113 80 94 72 39 77 85 104 1 9 75 24 79 114 103 40 49
1 108 28 82 77 31 35 75 61 8 103 104 72 81 94 114 113 111 29 79 37 25 26 124 9 22 34 20 105 101
2 107 19 0 92 112 93 62 3 78 12 80 64 36 8 68 103 39 40 104 24 113 94 57 45 30 46 63 90 49
3 62 107 2 19 112 0 93 92 80 39 8 113 108 114 12 103 94 104 1 126 4 77 79 72 89 82 9 75 30
4 39 113 104 103 61 108 67 126 65 25 66 68 69 31 22 116 101 37 34 114 79 1 94 26 105 64 32 23 28
5 13 116 27 17 15 54 56 86 37 31 20 33 22 58 26 41 50 66 85 60 38 100 65 11 25 35 124 101 59
6 121 83 109 88 99 76 7 70 63 125 16 102 115 91 97 96 122 106 118 123 120 48 55 14 18 51 84 71 47
7 99 118 121 70 97 106 16 63 48 102 115 88 76 109 123 91 96 6 122 125 83 18 14 71 120 52 50 21 55
8 81 79 77 75 82 72 9 1 31 108 111 113 104 25 35 61 103 28 124 20 37 26 110 29 105 22 114 116 94
9 77 75 81 79 72 82 8 111 105 35 1 26 31 25 29 20 22 108 61 124 28 103 37 11 32 110 23 98 69
10 98 73 100 119 74 11 95 18 17 47 117 48 96 84 86 51 54 56 121 44 33 35 26 13 58 14 60 41 20
11 98 73 95 10 100 17 74 27 13 33 110 35 18 20 119 111 26 60 31 47 56 117 41 54 124 86 37 15 29
12 90 84 92 14 18 87 112 71 1 98 100 124 86 119 101 2 120 74 121 48 108 89 102 73 107 111 11 41 19
13 17 15 5 86 11 110 55 52 116 20 98 21 50 35 37 28 73 31 60 41 26 74 38 95 33 32 27 25 124
14 84 48 120 119 18 88 106 91 117 121 71 74 115 7 47 122 63 73 16 125 96 76 83 123 100 118 102 99 70
15 13 86 116 17 43 110 52 50 55 58 5 54 85 37 26 32 35 31 28 20 41 51 53 124 56 21 122 25 11
16 99 63 7 118 123 121 91 70 97 109 102 48 88 96 18 122 6 106 115 119 76 83 71 47 125 14 84 21 60
17 13 11 35 86 95 26 31 10 15 116 110 98 73 41 54 27 51 18 56 25 100 5 52 74 55 28 60 124 119
18 119 73 48 84 74 117 98 100 95 47 10 14 121 125 60 115 88 16 17 86 83 99 51 91 118 122 11 7 102
19 112 107 2 0 92 93 3 78 62 12 87 34 39 80 64 108 89 6 8 66 30 76 24 4 114 113 68 82 71
20 26 29 35 105 28 37 111 23 32 124 25 13 101 31 116 110 81 33 11 22 17 100 5 75 15 61 86 82 79
21 43 42 55 51 52 38 13 50 121 41 86 28 116 46 31 40 58 17 45 7 94 35 60 59 57 115 32 63 53
22 25 37 31 61 66 116 65 69 79 28 105 113 101 20 29 41 103 114 56 104 108 26 35 5 81 54 111 44 27
23 35 28 26 20 29 116 124 101 32 31 17 25 37 111 60 86 43 59 79 38 13 105 15 22 27 41 103 58 44
24 36 57 42 94 50 28 55 39 25 116 68 64 52 21 38 58 45 30 60 40 51 26 43 54 41 53 1 65 126
25 31 37 22 116 61 41 29 20 26 28 79 35 17 124 65 113 69 105 111 108 23 101 66 59 44 8 13 67 27
26 35 20 29 28 105 23 31 17 111 32 25 79 101 116 86 37 124 27 15 54 13 77 11 33 43 72 41 61 81
27 33 41 11 44 51 17 5 54 56 60 86 31 74 95 26 98 37 32 116 58 59 73 100 13 18 43 25 52 35
28 35 31 26 29 23 20 32 37 116 124 25 1 101 111 22 61 17 110 13 21 79 86 15 43 44 108 52 75 105
29 35 20 26 37 28 32 72 105 23 31 25 81 111 77 22 124 82 75 110 1 61 79 17 101 59 11 103 15 21
30 57 46 50 36 40 45 58 42 24 76 70 49 55 52 53 71 64 99 109 97 6 106 51 15 68 21 39 59 121
31 25 37 116 22 61 28 35 124 101 26 41 17 79 113 29 111 23 104 1 32 66 20 69 27 103 81 108 8 72
32 29 28 20 35 26 23 31 37 124 101 27 15 56 116 86 13 105 111 110 58 41 81 17 59 25 21 95 74 100
33 27 54 74 41 100 98 11 95 86 59 20 37 56 44 26 66 5 13 17 60 31 58 25 105 51 117 28 116 124
34 68 94 108 1 40 39 61 4 42 126 28 64 36 31 38 113 49 124 57 114 25 50 53 45 116 66 24 65 101
35 26 29 28 20 31 23 17 105 77 37 32 124 110 111 101 25 79 1 116 81 11 75 13 82 72 86 15 61 8
36 24 46 45 64 57 116 30 50 21 15 42 94 38 52 68 43 58 55 40 28 86 34 26 13 31 25 44 51 124
37 25 31 22 29 61 20 28 35 65 116 101 26 124 15 113 13 32 69 5 111 66 27 105 33 41 23 81 108 54
38 52 57 21 50 59 40 60 55 116 58 13 69 68 17 42 28 49 31 22 53 51 43 25 46 23 5 35 86 124
39 4 68 113 126 67 108 65 94 114 69 66 57 104 103 64 24 34 40 22 25 50 49 61 53 1 55 52 38 116
40 57 50 94 49 68 38 43 52 21 42 58 55 59 30 45 34 13 60 39 126 15 53 36 51 64 46 118 7 105
41 27 33 31 25 86 58 116 95 85 17 54 98 55 44 51 56 21 22 13 37 43 74 65 73 59 26 52 124 111
42 21 45 55 52 46 43 40 38 24 50 86 51 57 58 36 53 116 94 15 49 13 60 28 71 70 30 34 17 121
43 21 116 15 51 58 52 86 40 41 26 28 42 122 50 17 27 68 35 44 31 45 55 23 13 85 38 59 57 102
44 27 51 41 116 59 33 124 95 98 25 28 119 17 43 56 86 10 60 101 20 22 37 31 84 55 73 13 111 100
45 76 42 90 121 36 21 86 46 43 70 88 55 102 14 57 120 106 71 125 48 109 40 97 58 30 122 7 47 24
46 36 21 30 55 57 42 45 38 58 71 52 70 64 51 50 53 15 121 86 43 99 85 40 116 17 13 94 49 60
47 117 119 48 18 100 10 74 98 73 59 121 58 14 95 123 16 11 84 96 54 99 91 97 125 56 88 83 70 60
48 121 18 7 47 119 91 14 117 118 84 99 16 106 123 73 102 63 70 125 83 88 115 74 97 122 10 96 109 100
49 52 40 122 53 51 60 50 55 106 76 57 38 68 71 70 59 42 21 43 97 94 99 69 13 39 45 86 121 58
50 52 58 57 40 55 53 15 38 13 21 97 60 56 17 49 54 43 7 86 68 51 59 30 42 5 25 109 94 24
51 55 86 21 27 122 17 121 44 119 43 95 18 85 60 52 41 115 49 58 54 59 102 10 106 56 50 125 35 15
52 50 38 53 60 57 49 58 21 55 13 15 17 51 43 69 31 56 59 40 42 97 7 41 86 54 28 27 116 122
53 52 57 50 55 49 58 15 94 21 38 25 42 85 54 13 116 59 31 60 99 41 43 86 46 40 122 68 97 69
54 33 58 56 17 27 41 59 66 15 5 60 95 26 51 100 31 50 86 37 52 10 25 98 47 22 74 11 105 13
55 51 57 21 50 52 85 58 13 53 15 121 86 41 17 42 38 60 102 46 70 94 49 99 88 109 27 97 44 43
56 58 54 59 60 17 27 95 100 5 41 86 50 32 52 33 31 11 22 51 124 98 10 44 116 26 74 47 15 73
57 40 50 55 53 52 38 30 58 68 46 24 36 49 94 88 99 51 21 39 70 109 102 42 97 43 69 45 76 122
58 54 59 50 56 41 86 52 55 15 116 43 53 57 51 47 38 17 27 60 67 95 21 85 33 5 32 66 26 122
59 58 56 54 60 33 38 47 95 31 44 51 52 27 41 25 17 50 116 21 29 26 117 32 28 22 100 43 74 23
60 52 86 18 74 56 73 27 51 59 17 54 100 50 49 13 38 55 95 58 11 69 88 33 31 35 122 41 23 98
61 22 31 25 37 103 108 113 104 116 69 101 1 4 79 105 28 35 29 26 20 8 124 81 111 65 68 66 114 82
62 0 107 3 2 93 92 113 19 104 79 103 112 8 75 82 81 72 9 39 77 4 114 108 110 111 124 1 89 40
63 16 121 123 99 118 7 91 97 70 109 115 102 122 88 76 83 6 48 106 96 125 14 71 120 18 21 119 47 84
64 36 68 126 39 46 24 57 116 40 38 53 69 34 94 30 42 50 25 4 113 21 52 58 59 49 28 65 37 43
65 69 66 67 37 22 25 116 31 68 39 4 41 61 113 52 126 54 5 101 58 15 114 51 26 55 43 53 28 50
66 65 22 31 54 67 37 69 33 25 68 116 27 58 4 39 113 41 104 61 5 114 56 59 38 26 28 53 108 105
67 65 66 39 4 58 68 25 116 69 50 31 54 56 61 22 52 108 103 53 55 37 26 113 5 60 57 16 15 38
68 39 94 34 69 40 57 126 116 65 67 38 108 50 66 43 64 4 49 61 58 122 52 24 15 36 113 25 103 53
69 65 22 68 25 61 31 37 52 66 38 60 116 113 114 39 41 4 67 126 108 57 104 59 51 1 27 35 54 5
70 99 97 7 121 123 76 109 16 63 88 102 106 115 118 71 6 91 122 48 83 55 96 18 45 57 120 125 51 14
71 76 106 109 99 70 123 14 102 88 120 122 121 7 16 63 115 118 97 49 48 91 45 119 18 46 42 83 125 84
72 81 75 77 9 29 8 82 79 111 31 1 35 26 108 105 37 28 25 124 32 20 23 11 110 22 103 61 21 114
73 98 10 18 100 74 11 119 95 117 17 48 60 84 86 47 13 41 27 14 35 51 44 56 20 121 96 83 125 33
74 100 98 73 18 95 10 33 117 119 11 47 60 17 27 48 86 14 13 41 84 54 96 56 32 59 20 44 51 121
75 77 9 72 82 81 8 79 111 1 35 108 29 20 105 26 28 110 31 124 25 103 32 61 104 37 22 11 113 98
76 109 71 70 120 88 106 121 7 99 97 63 6 125 45 122 123 102 16 83 118 49 14 48 115 91 57 52 43 96
77 75 9 79 82 8 81 72 35 1 29 26 111 105 31 108 20 25 103 110 28 61 22 11 104 124 37 32 113 98
78 112 2 92 19 80 107 0 12 90 45 30 48 109 71 34 120 76 6 117 87 88 62 89 46 9 125 70 47 63
79 77 8 81 9 82 31 75 26 25 72 111 108 35 22 61 105 28 113 103 29 1 37 20 104 101 23 32 27 116
80 3 126 22 61 2 78 24 42 40 69 39 64 34 30 8 4 25 37 46 65 21 60 44 36 94 38 49 104 101
81 72 8 75 9 79 77 82 105 29 35 111 20 31 1 37 108 26 61 22 28 32 25 104 103 124 110 113 114 23
82 75 77 81 79 8 9 72 108 1 111 29 35 20 103 31 26 25 105 61 28 113 22 23 37 114 124 104 94 32
83 115 118 88 6 121 84 123 125 63 102 119 109 91 18 122 99 120 48 7 97 70 16 76 14 96 51 47 73 106
84 119 18 14 83 48 115 73 120 125 100 121 117 118 91 106 74 98 10 122 16 47 88 44 95 96 63 7 102 123
85 41 55 51 15 86 17 58 13 21 43 27 5 54 53 116 98 121 33 50 10 95 52 96 73 94 74 46 31 60
86 17 15 41 51 58 60 13 116 26 100 18 33 122 73 27 55 98 74 5 56 121 85 43 95 125 21 35 54 28
87 89 82 12 81 64 112 79 66 34 72 108 114 4 24 1 94 69 19 103 105 80 9 39 90 61 68 32 104 75
88 125 7 14 99 109 76 70 83 120 6 97 63 16 115 123 91 18 102 118 121 122 96 71 48 106 119 60 55 84
89 87 29 12 9 23 82 81 111 80 72 20 62 3 32 77 70 26 75 30 109 45 76 35 6 15 46 93 11 97
90 45 117 21 111 47 48 74 14 86 42 98 43 40 18 73 121 124 95 10 100 58 41 33 125 44 119 7 94 72
91 123 16 63 121 48 118 99 96 14 7 115 88 109 125 70 119 83 97 18 102 6 106 122 84 117 47 71 76 120
92 93 112 2 107 19 0 12 78 3 62 8 87 24 113 64 104 79 1 89 39 103 108 82 36 34 75 80 85 114
93 0 92 2 112 19 62 3 107 12 113 1 80 110 104 114 8 82 103 75 39 49 89 24 77 79 43 78 84 90
94 68 40 34 1 39 55 21 108 57 24 50 53 114 36 42 25 43 28 15 58 61 116 44 49 85 113 126 51 86
95 98 100 73 74 11 10 18 117 17 119 41 33 51 56 27 59 54 86 47 60 13 44 58 26 32 35 84 20 110
96 91 7 16 121 97 88 102 123 125 119 48 99 115 63 6 18 10 70 118 47 14 60 83 74 122 106 109 100 51
97 70 99 7 63 102 121 123 115 16 106 88 76 109 118 96 91 125 48 50 83 6 122 52 71 47 55 18 120 57
98 95 10 73 11 100 74 18 117 119 17 33 47 41 13 86 27 84 44 56 48 60 54 20 35 26 51 58 14 96
99 70 16 7 121 109 97 63 123 118 102 88 91 76 106 115 71 48 6 122 18 83 96 119 125 55 120 47 57 14
100 74 10 73 98 119 95 18 11 47 117 33 86 17 56 60 84 54 20 27 48 26 14 41 96 59 44 124 32 5
101 124 31 26 23 37 28 35 116 20 111 61 22 32 25 103 113 27 105 104 29 44 41 17 79 33 15 65 5 11
102 121 109 115 7 99 97 123 70 63 16 83 88 48 118 71 96 6 91 76 18 122 55 125 51 119 106 14 57 21
103 104 61 113 108 4 31 1 22 79 101 124 25 82 37 39 77 8 35 116 114 29 81 20 105 28 23 126 26 75
104 113 103 4 108 31 61 1 8 22 101 37 79 66 39 126 25 81 35 69 124 28 26 29 77 116 20 105 75 68
105 26 20 35 29 81 111 22 61 79 25 31 37 124 77 108 75 9 32 13 28 33 86 101 60 54 72 82 27 17
106 7 121 71 76 70 99 97 118 14 48 122 120 109 16 115 63 123 91 119 88 6 84 49 125 51 18 102 96 45
107 2 0 19 62 112 3 92 93 8 113 72 104 78 103 12 77 114 69 39 108 75 79 9 64 90 30 4 81 40
108 1 113 61 104 103 82 79 31 4 8 39 25 75 37 105 77 81 68 28 22 94 72 114 35 26 34 126 69 111
109 76 99 102 70 121 71 88 63 7 6 16 123 122 97 118 91 106 83 125 120 115 48 55 50 96 57 45 51 14
110 17 35 13 15 11 20 28 31 111 29 86 32 116 75 124 26 37 25 43 77 8 33 95 1 23 59 27 41 81
111 20 26 29 31 35 124 75 28 72 79 101 81 105 82 25 37 11 110 9 77 23 8 1 41 32 22 61 44 33
112 19 92 2 107 0 93 3 78 12 87 62 80 90 45 34 89 16 6 8 94 7 46 91 30 76 85 36 64 48
113 104 4 108 103 31 61 39 25 22 37 114 79 1 8 101 69 116 66 65 28 68 126 124 35 26 82 94 77 81
114 113 1 39 22 69 31 108 66 61 25 94 103 65 37 8 4 68 104 81 41 79 82 34 67 72 52 24 77 116
115 83 118 102 7 63 122 123 121 99 97 70 88 91 84 18 119 106 16 6 48 51 14 96 125 109 120 71 21 76
116 31 25 28 15 37 124 17 22 41 23 43 26 86 101 5 13 35 61 20 58 65 27 68 21 38 32 44 69 36
117 47 18 119 74 98 95 73 48 100 10 14 84 125 91 11 121 41 33 59 90 27 96 88 51 60 16 58 118 17
118 7 115 99 63 16 91 83 122 48 106 125 70 121 97 109 123 88 102 18 119 84 6 76 96 71 51 14 73 47
119 18 84 73 100 10 47 117 48 14 74 98 95 121 91 83 115 51 122 16 11 118 96 120 17 106 88 123 99 125
120 14 76 88 106 109 84 83 71 119 7 121 125 48 6 115 99 63 18 122 70 97 123 16 45 91 102 118 43 47
121 48 99 63 7 102 70 16 123 91 6 109 106 122 97 76 115 83 18 118 125 119 96 14 88 51 55 47 71 21
122 121 118 115 63 125 109 106 99 7 51 16 86 88 83 70 76 119 49 18 123 71 48 91 97 102 14 6 84 43
123 63 91 99 70 16 121 97 102 115 7 109 83 88 48 118 71 76 96 122 106 125 18 119 47 6 14 120 21 55
124 101 31 116 20 35 28 23 111 25 37 26 32 17 29 105 44 103 41 86 13 56 61 110 15 33 27 1 11 22
125 88 118 122 83 121 18 91 6 109 97 76 7 48 96 84 115 86 123 63 102 119 99 16 120 117 106 14 51 47
126 39 68 4 104 65 108 69 64 38 103 113 116 40 34 61 57 94 25 1 22 49 24 50 55 21 37 28 86 26
