0 62 107 87 75 89 103 81 80 79 77 72 19 78 12 9 104 116 112 8 82 113 105 22 38 17 108 59 92 114
1 41 124 90 34 68 108 30 101 42 33 21 25 28 24 113 44 31 111 27 64 65 22 4 61 37 66 45 46 126
2 3 92 19 93 8 112 82 26 78 23 32 81 103 105 29 4 104 28 12 80 9 77 108 113 25 87 89 126 107
3 2 92 19 8 93 78 82 112 80 26 23 104 29 9 103 81 25 113 108 105 32 28 12 126 34 68 87 77 65
4 105 32 113 23 35 12 1 20 104 26 61 79 8 9 29 77 25 34 103 81 92 108 90 41 72 80 21 89 78
5 15 31 37 28 25 61 35 86 26 34 41 23 126 108 105 30 1 101 20 33 113 29 69 24 90 32 21 68 110
6 49 83 63 70 117 119 57 51 50 73 100 88 48 125 58 71 16 98 121 102 122 106 97 99 7 95 123 109 47
7 121 73 76 47 117 71 125 119 63 98 11 50 16 74 102 48 122 6 52 54 123 88 10 97 70 14 100 91 95
8 78 92 104 113 81 3 19 103 25 80 79 108 9 82 105 126 34 2 77 75 26 12 28 32 68 65 61 107 0
9 80 81 77 12 72 75 87 82 103 89 78 105 32 79 0 104 107 8 113 26 62 92 29 19 4 38 23 108 112
10 60 73 50 48 117 125 83 53 47 54 119 16 52 96 102 51 98 70 84 121 74 57 7 123 97 115 76 49 118
11 74 47 73 7 48 50 56 97 16 98 125 119 102 121 76 70 54 88 83 95 84 53 52 117 10 58 63 96 91
12 77 80 72 81 9 89 82 87 103 78 79 75 32 0 113 104 107 62 4 105 26 8 92 19 93 38 23 29 22
13 114 17 39 59 85 94 96 70 48 88 49 116 100 83 118 115 84 125 91 6 67 73 120 40 121 99 98 10 50
14 52 55 97 98 102 121 16 117 73 76 47 7 125 74 84 54 119 83 50 48 71 91 70 63 122 123 109 100 99
15 5 31 108 25 34 35 22 28 126 37 105 104 101 103 68 8 1 61 41 113 69 29 66 38 86 90 80 17 33
16 97 73 125 83 102 52 48 47 119 121 76 98 50 117 123 70 118 54 63 100 96 49 84 71 74 51 56 122 57
17 13 85 114 39 116 94 67 48 45 40 88 22 91 64 84 59 70 96 121 90 52 99 73 98 100 55 14 50 44
18 106 88 58 51 71 95 97 57 100 125 73 6 83 118 121 98 47 49 16 70 74 52 60 48 109 76 63 54 11
19 62 2 0 107 78 104 92 3 8 112 103 80 87 81 93 77 12 9 89 75 82 79 113 72 105 108 32 4 26
20 35 26 105 32 4 86 79 61 113 29 23 108 25 37 31 38 77 104 124 72 103 80 89 9 34 1 22 12 28
21 30 24 27 46 33 41 90 42 44 43 124 36 111 101 1 34 106 68 18 64 7 65 71 45 66 67 40 73 25
22 101 34 116 68 25 126 67 113 1 65 90 85 61 111 108 103 94 42 41 15 17 66 33 46 69 31 105 12 64
23 32 26 105 29 4 61 20 25 9 113 79 35 80 75 12 89 37 81 77 103 104 28 2 8 38 72 31 92 3
24 21 30 33 41 27 43 36 90 101 44 124 68 46 111 64 42 34 106 1 18 40 45 25 66 65 126 71 108 123
25 34 31 41 68 37 28 61 126 65 1 105 113 101 90 124 108 8 111 26 22 103 29 92 66 15 104 24 30 64
26 32 29 23 105 20 35 28 80 9 25 113 77 12 81 8 104 89 4 72 38 103 37 1 79 34 87 61 82 75
27 21 33 30 46 43 24 42 36 74 73 106 41 102 76 117 71 121 90 97 119 63 95 18 125 47 50 52 122 7
28 37 31 25 108 61 1 34 26 41 68 113 8 65 5 90 126 86 103 124 92 15 32 101 29 80 105 104 64 75
29 26 32 23 105 25 34 104 9 20 80 4 8 35 12 28 31 41 1 81 103 37 124 68 113 72 89 38 87 93
30 41 33 21 27 24 43 42 90 34 101 1 46 124 111 68 65 44 64 36 106 126 18 25 66 45 69 108 63 117
31 25 28 37 61 108 15 5 126 34 68 1 103 113 41 104 65 80 69 86 105 90 124 22 81 29 66 111 8 20
32 26 23 105 29 4 12 9 113 80 35 20 77 72 81 104 79 8 38 89 25 28 103 75 87 82 1 61 92 2
33 30 27 46 21 24 42 43 41 90 44 64 101 111 1 36 124 68 45 40 34 117 121 71 106 76 52 74 7 50
34 68 41 25 101 124 1 90 30 65 126 108 28 24 21 22 111 37 42 64 31 66 113 69 8 33 44 61 29 15
35 20 26 105 32 4 113 15 79 61 86 23 29 104 77 108 25 37 103 31 72 124 38 22 1 80 12 28 5 9
36 24 27 21 43 33 106 90 73 7 46 117 50 119 54 76 42 118 47 53 70 30 121 63 111 100 11 6 123 16
37 28 25 31 61 86 34 41 108 113 5 1 103 68 90 105 111 15 26 124 23 126 20 38 101 92 64 80 30 22
38 80 77 105 104 81 103 32 72 113 12 9 26 89 79 75 37 20 34 25 108 23 35 29 62 1 101 87 107 90
39 114 13 59 122 49 17 96 55 14 85 70 121 125 7 88 84 98 100 99 6 91 48 95 118 73 83 63 117 52
40 85 94 45 90 48 33 27 118 42 67 121 49 44 84 109 24 100 70 10 98 64 122 96 106 73 91 6 17 83
41 30 34 90 68 101 124 21 1 24 25 33 64 65 111 42 126 44 108 66 27 43 46 28 37 69 31 36 61 113
42 33 21 30 90 27 46 41 1 101 111 64 24 43 34 44 67 36 124 40 68 22 85 45 7 18 66 121 76 94
43 27 33 30 46 21 24 63 36 76 44 102 119 117 64 99 121 73 106 47 41 95 98 42 52 123 50 7 48 74
44 21 45 33 24 101 90 43 41 30 68 42 46 1 64 94 111 108 27 66 34 40 124 67 36 65 69 126 71 22
45 44 40 94 33 85 90 21 24 64 116 17 27 1 42 66 68 30 101 67 108 39 43 41 104 13 71 34 46 118
46 21 33 27 43 30 42 102 76 63 121 111 98 97 73 117 71 47 24 106 54 50 52 74 95 109 48 99 36 7
47 102 16 97 48 119 98 52 63 117 73 121 54 76 83 125 7 50 51 70 74 123 11 88 57 10 84 109 100 49
48 73 96 121 84 125 98 16 102 50 83 52 70 47 54 100 97 91 109 71 53 117 76 88 74 123 122 119 10 63
49 51 88 117 100 83 6 57 16 119 73 70 50 118 121 98 48 84 96 122 97 123 125 115 52 54 47 91 102 71
50 98 117 100 73 125 102 76 57 52 48 121 63 97 96 51 84 119 54 16 53 74 70 83 99 58 6 10 49 120
51 57 117 52 49 50 102 97 100 125 60 119 98 58 16 73 63 6 121 54 83 48 47 99 70 53 88 74 96 95
52 97 98 102 16 125 117 73 50 51 119 48 83 47 74 96 121 70 100 14 76 54 123 57 63 84 53 91 60 56
53 125 96 50 84 117 48 73 100 121 52 98 76 74 102 51 119 91 10 16 56 83 70 54 97 122 118 95 99 57
54 117 50 102 70 48 98 97 73 52 47 16 121 83 96 76 57 51 74 125 115 95 58 123 119 63 84 91 10 100
55 14 121 84 91 98 50 117 48 102 96 52 100 76 97 125 73 109 53 70 118 7 49 56 16 6 83 119 54 63
56 16 73 52 125 50 53 102 48 11 70 84 96 117 47 100 83 54 118 97 121 98 57 119 49 51 123 76 115 10
57 51 50 102 58 117 60 100 49 73 63 52 98 125 6 54 48 121 99 119 97 16 47 83 76 96 70 74 71 84
58 57 51 50 88 125 54 60 6 48 115 100 74 73 98 70 63 52 99 49 120 97 71 102 83 117 47 121 96 106
59 114 120 39 13 115 55 49 70 96 84 118 48 122 91 88 53 83 14 121 10 117 17 119 100 109 6 125 50 73
60 57 51 125 10 100 97 102 50 52 117 98 99 58 54 121 48 47 83 63 16 123 84 96 73 70 76 95 74 6
61 25 31 113 28 37 105 108 103 126 86 34 1 22 41 65 4 20 8 81 68 35 23 80 104 26 111 77 75 69
62 0 107 89 87 103 75 80 79 19 77 81 78 72 104 12 116 9 8 112 113 82 59 105 38 108 17 114 22 92
63 50 76 102 117 47 119 97 98 16 57 73 52 6 121 51 48 100 125 99 7 54 122 70 83 95 123 60 74 58
64 90 41 101 66 33 68 42 43 30 85 24 67 34 44 21 65 1 27 111 45 40 36 46 25 124 106 94 126 17
65 68 69 41 66 126 34 90 101 30 25 111 124 64 21 1 108 33 22 28 61 8 24 31 44 36 113 42 67 92
66 69 65 68 64 90 101 41 34 67 44 21 25 33 94 108 111 1 36 24 126 22 30 124 45 42 31 43 46 27
67 90 101 64 42 85 66 55 17 40 116 22 36 44 56 94 21 13 41 6 34 68 24 33 95 71 45 106 70 96
68 34 65 41 90 25 101 124 1 126 111 66 64 30 108 69 24 21 44 33 31 28 22 42 8 37 61 67 94 113
69 65 66 68 126 101 90 34 41 108 31 111 22 44 25 30 8 116 64 61 21 94 1 67 33 28 42 15 113 36
70 98 48 73 125 54 83 52 118 96 102 121 117 16 97 100 50 119 6 49 84 88 47 76 51 123 91 74 99 71
71 48 16 121 7 73 83 52 125 70 6 100 102 97 50 109 76 57 98 51 99 49 63 47 74 117 91 96 58 88
72 77 12 75 9 80 81 79 87 89 107 0 103 62 78 32 82 105 113 104 26 38 116 8 4 20 22 35 29 23
73 16 48 97 121 102 98 50 125 52 117 83 70 74 119 76 84 96 47 54 118 91 100 53 123 57 63 7 49 10
74 102 98 73 52 97 125 117 50 121 48 16 83 11 54 53 76 47 91 119 51 96 70 122 118 7 57 58 95 10
75 80 72 9 87 0 81 107 77 89 103 62 12 79 78 104 8 82 105 116 113 19 23 22 38 32 26 61 28 92
76 121 102 117 50 119 63 98 97 16 73 125 100 52 48 47 96 7 54 84 53 83 70 74 91 99 57 95 51 71
77 81 12 80 72 9 89 103 87 75 79 107 62 0 104 82 78 105 113 32 26 8 38 19 116 4 92 35 25 22
78 79 8 89 12 80 107 62 82 9 81 77 0 19 72 104 103 92 113 75 87 116 3 112 108 105 25 93 22 4
79 72 78 89 77 62 0 12 107 75 80 81 103 9 87 8 104 113 105 32 20 4 35 116 23 38 26 82 19 22
80 81 9 77 103 12 89 75 87 72 82 107 62 0 104 78 79 105 113 32 8 26 19 38 92 108 31 29 61 25
81 80 9 77 103 87 12 72 82 89 75 107 0 62 105 79 78 8 104 113 32 19 26 92 38 61 25 116 31 108
82 81 9 12 80 103 77 78 8 89 87 72 75 0 92 2 93 104 107 79 19 25 26 113 32 62 3 126 28 31
83 16 73 48 123 97 119 52 118 70 102 125 96 98 49 121 50 117 54 100 6 47 74 122 51 76 71 99 10 91
84 96 125 48 100 50 73 53 117 98 121 16 52 120 91 70 102 76 122 83 49 88 54 97 55 47 99 10 57 109
85 17 40 64 13 39 90 45 67 94 22 114 27 101 33 42 34 21 68 24 106 44 116 41 30 66 43 46 113 1
86 37 61 20 28 35 31 25 103 22 5 105 113 15 17 108 79 23 38 104 64 26 77 126 110 8 12 81 32 75
87 80 0 81 107 75 62 72 89 77 9 12 103 79 104 19 82 78 112 8 113 105 26 32 116 29 38 20 92 4
88 49 125 48 100 6 70 58 98 47 51 84 16 73 50 83 121 74 57 7 91 52 102 109 99 122 71 97 117 63
89 80 77 62 107 81 87 12 0 72 79 75 78 9 103 105 82 104 113 26 19 32 8 38 23 116 108 4 61 29
90 41 101 64 1 68 21 124 34 30 33 42 65 24 66 67 111 44 27 25 108 36 85 40 69 45 46 43 22 126
91 121 48 98 96 73 100 97 117 84 102 125 52 50 74 76 83 70 53 119 54 99 55 49 16 122 88 118 71 7
92 2 8 3 93 19 78 112 113 80 25 81 12 9 108 82 28 34 77 105 4 37 65 103 104 75 32 61 23 126
93 2 92 3 19 8 12 82 78 80 112 113 103 9 81 108 29 34 4 1 124 25 32 104 28 26 23 65 126 87
94 40 116 45 13 44 17 85 66 67 90 22 39 64 68 111 42 114 46 101 88 33 69 7 65 109 59 21 71 55
95 98 54 125 117 102 99 52 51 100 76 70 50 121 48 63 74 73 6 53 97 96 16 119 57 7 83 60 47 106
96 84 48 121 125 100 50 52 53 73 83 70 91 98 102 117 76 16 97 54 122 120 115 119 74 99 118 49 51 57
97 52 16 98 102 73 125 121 47 83 50 76 119 117 74 48 54 51 70 100 63 91 96 60 14 118 57 123 49 84
98 52 97 50 121 117 102 73 48 125 76 74 119 70 100 47 16 54 91 83 96 84 63 51 99 57 123 95 53 49
99 123 98 121 100 125 50 117 73 57 51 83 63 48 60 76 70 96 52 102 95 91 6 97 84 16 71 53 58 88
100 125 50 96 98 84 121 48 52 76 51 73 49 57 97 70 91 16 88 53 102 99 83 117 60 119 6 63 122 71
101 41 90 34 68 64 30 65 1 33 66 126 42 24 44 124 67 21 108 22 25 69 111 113 43 36 46 27 85 8
102 52 97 117 16 47 73 121 76 98 125 50 119 74 48 63 57 54 83 51 70 96 100 91 84 60 123 53 14 99
103 81 80 77 9 0 75 62 87 12 104 89 107 82 72 105 79 8 78 19 61 113 31 116 25 38 22 108 37 28
104 103 80 77 8 19 81 12 62 78 9 87 75 89 0 79 107 105 32 31 25 29 26 4 38 113 72 34 108 1
105 113 32 4 23 26 81 80 9 103 25 61 20 77 35 8 89 29 79 104 12 38 72 108 34 75 37 31 15 101
106 18 6 100 16 95 73 58 71 47 63 98 97 70 51 54 117 49 52 118 119 57 125 50 99 48 83 121 88 76
107 62 0 87 89 75 80 81 72 77 79 103 78 19 9 12 104 116 8 82 112 113 59 105 38 17 22 114 39 108
108 1 28 68 113 101 41 34 124 31 90 25 8 61 37 44 65 69 15 111 66 80 126 92 22 105 103 104 24 64
109 48 121 73 98 16 47 71 117 84 6 125 50 88 83 63 91 7 70 102 96 97 76 52 122 55 54 53 49 11
110 28 32 77 1 26 23 89 4 80 21 86 12 79 61 113 35 72 33 82 20 81 9 38 5 105 92 87 31 44
111 68 30 41 33 21 90 46 42 24 126 34 65 101 124 25 27 43 1 44 36 64 108 66 22 18 69 37 94 31
112 19 92 2 0 8 87 78 104 113 62 107 81 12 3 93 9 4 77 80 105 103 82 37 75 79 108 32 89 61
113 105 61 108 8 80 25 4 12 81 32 77 1 78 9 101 34 103 89 79 26 28 37 92 31 22 41 72 104 35
114 39 13 59 17 96 49 120 48 84 85 70 14 55 115 118 73 83 121 6 88 125 122 91 10 99 100 53 116 7
115 120 54 96 50 48 49 58 70 57 16 84 73 83 10 117 53 100 125 56 121 98 123 102 51 119 47 118 97 52
116 94 17 22 107 62 13 67 103 0 78 45 39 75 77 79 72 81 114 89 12 104 69 87 85 44 80 59 66 90
117 102 121 50 98 119 76 52 51 73 54 63 97 125 47 57 16 53 49 74 70 84 48 96 83 91 6 99 100 7
118 83 70 73 16 119 49 121 97 98 96 48 52 125 117 74 123 50 102 76 54 53 122 100 91 47 56 84 51 7
119 117 102 76 52 16 98 83 97 50 47 73 63 51 121 70 118 49 6 48 100 123 125 57 7 96 53 74 54 91
120 115 84 96 50 48 100 49 53 58 54 70 57 91 125 98 73 83 117 88 59 16 10 56 121 76 51 97 102 122
121 76 73 117 102 48 98 96 125 50 97 100 16 52 91 47 70 119 83 122 74 7 99 54 84 109 63 53 51 57
122 121 48 96 73 83 125 16 84 100 50 74 49 63 6 7 98 76 53 70 118 119 91 117 88 97 123 102 47 52
123 99 83 16 52 73 48 117 119 98 102 50 125 47 70 54 121 100 97 49 96 118 57 63 6 7 51 84 60 76
124 41 1 34 90 68 30 21 101 24 108 25 33 111 65 42 126 27 44 28 64 66 31 43 37 46 113 18 20 22
125 16 100 84 50 102 73 52 48 121 98 96 97 70 117 53 83 76 74 88 51 60 99 57 47 91 10 123 58 119
126 65 68 25 34 101 41 111 69 31 8 61 124 22 30 90 108 28 66 24 33 21 1 15 64 37 44 104 105 113
