0 107 103 47 18 78 82 8 12 80 96 77 75 7 10 73 123 70 19 62 74 91 81 79 104 2 89 102 9 92
1 108 124 101 116 57 41 50 44 34 51 111 36 55 27 69 98 59 2 45 64 53 68 66 90 48 65 39 60 119
2 108 92 95 51 107 10 18 91 1 7 47 4 70 74 50 59 55 109 96 115 14 68 84 3 116 88 98 101 73
3 19 92 50 47 51 73 59 18 108 116 107 70 10 96 48 95 13 105 84 68 55 123 91 14 57 7 2 125 103
4 105 61 108 101 69 66 65 125 32 67 116 84 51 37 48 7 17 34 13 2 95 68 50 92 70 39 102 111 59
5 17 32 86 27 59 44 13 121 39 90 50 67 56 4 20 60 103 102 53 105 66 35 54 69 3 111 108 73 122
6 91 47 123 96 95 74 7 84 18 11 14 71 76 55 70 97 10 51 99 73 122 109 16 69 4 115 48 111 44
7 102 48 73 18 47 122 96 123 119 70 118 84 95 83 97 121 6 91 10 51 103 50 108 4 125 2 107 110 99
8 104 103 62 22 78 89 82 77 29 114 81 0 107 102 80 23 48 87 7 123 73 12 13 119 20 32 28 31 110
9 96 7 102 123 79 107 0 81 10 18 47 119 70 103 118 95 78 84 62 1 72 22 48 73 75 77 35 12 8
10 118 47 123 96 95 7 18 74 108 2 122 6 91 92 3 107 51 73 35 1 102 84 50 97 70 20 48 99 116
11 91 98 117 115 51 74 88 55 68 109 6 95 59 67 34 14 70 84 18 120 49 96 57 112 101 47 76 75 64
12 80 81 78 77 82 72 38 87 113 31 0 75 8 62 28 107 103 29 114 104 89 79 22 13 26 47 23 3 10
13 29 84 59 95 68 32 101 17 86 70 116 14 51 34 4 27 50 92 57 111 60 35 3 22 55 5 56 36 65
14 84 91 55 51 68 88 98 71 49 95 6 69 70 116 59 11 99 105 18 101 125 63 96 67 65 50 34 57 13
15 46 21 85 30 24 43 33 40 94 31 25 64 67 38 28 86 106 26 65 34 45 56 36 52 5 114 13 68 76
16 84 76 120 115 63 55 91 66 71 95 6 109 101 14 27 34 64 116 68 4 74 61 2 65 96 125 70 100 67
17 5 56 86 32 50 53 13 60 4 42 59 44 101 103 57 20 39 54 102 22 110 29 66 41 118 119 51 52 90
18 47 7 51 95 70 73 91 96 123 48 102 50 74 55 92 59 6 125 10 98 57 84 122 88 116 14 49 2 3
19 3 48 107 102 119 70 105 84 47 125 73 18 7 13 50 92 4 116 103 121 95 0 97 51 123 83 96 22 122
20 35 32 103 23 29 102 104 118 123 22 119 108 37 17 7 97 10 48 96 86 83 5 116 8 110 50 105 4 26
21 30 46 24 43 85 40 33 94 15 106 31 64 124 67 28 58 38 25 52 45 65 54 114 41 26 36 44 111 86
22 8 104 25 29 82 114 28 20 13 103 31 102 4 17 32 78 77 81 80 19 73 123 62 23 7 99 93 113 119
23 29 104 20 35 62 32 8 103 102 89 7 81 119 4 99 10 22 123 105 48 121 78 26 82 13 5 106 114 37
24 21 46 30 33 43 85 94 40 15 31 106 114 52 28 64 67 38 58 111 65 25 54 124 45 27 26 39 86 41
25 28 22 83 31 15 38 85 97 67 126 26 4 6 66 49 73 36 94 64 32 13 17 84 20 86 69 7 46 21
26 29 81 77 25 82 102 13 80 20 119 114 23 85 78 31 113 48 38 28 110 22 106 15 7 123 46 8 83 99
27 44 36 45 41 90 116 111 65 42 39 67 1 66 64 34 101 84 68 55 108 13 5 60 71 121 124 86 50 14
28 31 38 25 78 82 113 22 81 111 77 80 29 85 12 37 8 24 83 15 87 114 21 126 104 30 13 72 26 46
29 23 13 32 8 35 20 26 22 78 82 81 104 99 28 38 119 31 83 103 17 77 80 62 114 123 84 89 12 121
30 21 43 33 85 46 40 24 94 15 31 64 106 124 67 65 45 52 58 36 44 54 41 28 56 86 25 76 27 38
31 38 28 82 78 114 81 80 24 77 85 21 15 30 25 12 22 29 72 8 46 113 104 43 89 26 13 87 126 33
32 35 20 105 29 69 5 17 37 13 119 4 86 50 59 83 23 60 53 103 48 108 102 97 123 57 66 56 34 7
33 30 46 94 43 21 40 85 24 15 106 64 124 45 41 36 44 54 27 52 67 39 86 42 65 31 114 58 76 111
34 68 64 67 59 65 116 66 49 69 55 57 50 60 101 56 51 108 52 53 58 86 98 71 88 1 11 125 39 120
35 20 32 23 29 83 13 10 50 125 86 101 59 108 69 1 119 102 123 48 5 57 116 53 118 4 122 60 73 84
36 45 65 27 44 41 90 64 49 68 50 116 42 101 55 52 57 53 111 1 51 60 59 67 34 125 66 69 112 39
37 32 4 69 66 20 65 105 39 54 34 86 28 64 111 61 68 17 52 42 13 108 101 106 119 5 6 109 67 1
38 31 82 81 80 78 28 12 77 114 25 29 15 13 24 85 72 21 22 87 62 26 113 8 30 32 46 89 104 63
39 90 65 66 56 67 101 116 27 105 34 69 44 124 64 108 58 36 4 1 41 5 17 60 68 37 53 52 42 99
40 94 43 30 21 33 46 85 24 15 64 124 65 67 52 45 58 36 34 106 101 69 41 76 66 44 68 100 56 86
41 44 45 42 124 111 27 36 90 101 1 112 122 67 39 98 68 34 11 33 116 64 43 121 54 55 53 108 17 84
42 111 41 45 44 36 27 60 17 53 101 112 126 90 66 95 96 119 102 122 69 54 39 52 124 118 68 58 50 64
43 30 21 46 40 33 94 85 24 15 124 45 106 64 36 41 67 90 58 52 65 31 54 44 111 88 100 76 25 56
44 41 45 27 36 42 111 90 124 101 1 53 39 65 69 54 50 68 60 17 55 5 64 6 116 108 67 119 71 57
45 36 44 41 42 27 111 65 124 90 55 49 64 68 57 101 1 50 116 119 51 43 71 34 69 60 53 52 40 67
46 21 33 43 24 94 30 85 40 15 106 64 31 67 124 45 25 28 36 52 114 26 54 41 58 38 86 65 44 111
47 123 96 95 18 10 7 70 6 91 73 118 51 99 48 84 107 102 119 3 74 122 92 0 2 97 55 19 103 14
48 102 7 73 70 18 125 50 123 118 53 119 108 103 47 51 95 60 96 105 122 121 116 83 110 4 19 59 97 84
49 57 68 59 51 55 50 64 34 116 65 52 60 67 69 53 101 98 109 56 36 66 100 14 45 108 91 18 58 95
50 59 51 57 53 60 68 49 116 55 52 34 69 54 56 58 64 108 18 48 70 65 101 36 73 67 86 125 1 98
51 50 59 57 55 49 68 91 18 60 53 34 116 70 108 95 98 73 11 96 101 69 64 74 92 47 14 52 88 7
52 60 53 58 64 65 68 56 69 54 59 57 50 49 34 67 86 66 51 55 101 116 125 36 45 40 88 94 63 39
53 60 52 58 50 54 59 57 68 56 69 65 51 64 34 116 49 67 48 66 55 101 86 125 36 17 70 44 118 1
54 53 60 58 52 50 106 57 69 59 68 64 56 116 65 67 34 44 101 51 111 49 55 118 86 1 17 32 42 37
55 51 49 68 57 59 50 34 64 116 101 91 69 65 108 60 14 11 18 74 67 109 98 95 88 71 96 53 125 52
56 59 60 53 52 68 34 58 50 64 65 67 57 69 39 49 86 116 51 17 66 54 90 101 55 36 32 13 45 126
57 49 59 50 51 68 55 60 53 116 64 52 34 69 65 58 101 56 67 54 98 108 1 86 18 66 36 109 45 125
58 60 53 52 54 56 64 68 65 34 50 116 59 69 67 57 66 101 55 125 49 51 39 124 1 90 88 48 86 27
59 50 51 68 57 60 49 34 53 56 55 64 52 116 69 67 65 58 98 70 108 86 101 66 54 18 88 13 11 125
60 53 52 58 50 59 54 57 68 56 51 69 34 64 65 49 116 67 55 86 66 101 48 36 125 17 42 95 32 102
61 4 105 66 101 34 65 51 95 68 116 108 57 49 69 59 125 1 100 70 107 86 13 50 67 121 16 55 64 2
62 104 89 8 103 78 93 87 23 80 81 102 82 114 107 77 73 7 119 12 48 29 47 0 123 22 113 38 121 110
63 120 100 84 16 14 115 125 68 65 64 117 52 88 69 91 36 34 76 66 74 109 67 49 98 95 45 2 71 13
64 68 34 65 67 52 69 49 59 55 57 66 101 60 116 53 58 56 50 86 40 51 36 54 120 94 45 108 88 98
65 64 68 34 67 52 66 69 36 116 49 53 60 59 58 56 101 125 57 39 55 50 27 45 51 86 108 90 4 105
66 34 65 64 68 116 67 39 69 105 52 59 53 49 60 58 108 57 56 55 50 101 4 27 90 61 36 1 124 16
67 34 68 64 65 69 59 116 66 49 88 98 58 56 53 60 57 52 55 39 101 108 50 51 11 90 27 86 125 4
68 34 64 59 49 65 57 69 67 51 50 55 60 53 116 52 56 66 101 58 108 98 11 36 14 88 109 54 125 91
69 68 64 65 34 52 53 67 60 59 57 86 50 101 49 55 116 58 56 66 51 125 54 88 108 32 4 105 14 97
70 95 18 47 51 48 73 7 59 98 88 50 125 84 91 102 96 119 55 116 123 14 108 6 11 13 68 53 57 118
71 55 34 68 14 6 64 116 111 69 65 91 45 66 16 51 67 27 108 98 119 109 101 57 44 105 70 50 92 4
72 75 80 12 77 81 82 78 113 31 38 47 107 95 28 104 22 87 9 62 0 79 103 70 3 89 73 19 13 25
73 7 18 48 102 70 51 47 96 83 95 50 91 103 84 121 123 3 107 59 118 119 6 92 125 122 97 14 10 19
74 91 115 117 76 96 11 18 51 55 6 109 95 98 47 88 10 68 99 49 59 14 2 92 67 84 123 73 100 120
75 72 95 107 12 47 115 0 70 80 11 117 91 13 92 82 51 109 73 18 14 19 78 59 96 49 3 55 68 84
76 74 16 115 6 91 55 109 84 100 99 117 11 95 125 96 88 120 68 63 47 14 49 13 40 18 51 10 92 67
77 80 78 81 12 82 72 38 8 113 31 104 87 28 0 62 114 89 26 22 29 103 107 123 75 13 93 47 23 9
78 77 80 81 12 82 38 8 31 62 103 104 28 89 87 72 113 107 0 29 114 22 13 75 23 32 26 47 93 9
79 87 89 123 47 73 103 112 0 96 10 9 81 80 118 7 12 82 8 107 18 78 62 104 119 3 72 102 77 99
80 81 12 77 78 82 38 72 31 62 87 113 89 104 103 8 0 28 107 114 75 29 22 26 13 79 47 19 123 32
81 80 77 78 12 82 38 31 113 72 87 62 104 29 8 26 28 103 114 89 22 23 0 107 79 13 9 93 123 47
82 80 81 78 12 77 38 31 8 104 72 89 28 87 22 103 29 62 0 114 113 107 26 75 13 23 32 123 47 79
83 119 121 97 73 7 84 102 101 48 69 32 35 70 25 95 122 18 118 36 86 96 14 50 51 125 47 123 67 29
84 14 16 95 7 96 70 73 6 83 91 13 18 47 115 125 97 63 99 4 116 101 122 11 51 102 27 76 48 119
85 30 21 43 46 33 94 24 40 15 31 64 67 25 106 86 65 28 124 45 38 52 26 54 58 114 69 39 56 36
86 69 64 59 52 110 60 34 56 57 53 50 101 68 121 65 17 67 119 5 32 13 116 51 66 55 125 49 105 83
87 78 62 80 81 93 12 79 82 77 89 104 8 103 28 113 107 38 22 31 114 29 123 23 72 119 47 118 7 102
88 98 125 67 11 70 69 68 55 14 51 59 91 34 74 108 18 64 111 95 48 65 50 116 49 84 100 117 57 101
89 62 104 103 8 78 82 80 87 119 102 77 79 114 81 23 113 107 111 29 73 12 31 0 47 7 123 5 28 48
90 39 41 36 27 44 45 67 65 116 124 56 66 111 1 42 34 101 58 68 5 108 55 57 53 60 59 69 14 99
91 115 74 11 51 96 95 6 18 55 47 117 14 109 98 73 7 68 70 88 84 92 59 49 76 2 108 16 71 10
92 2 3 51 18 108 91 95 47 59 107 96 50 109 55 68 70 73 10 13 4 115 14 34 74 49 7 57 116 1
93 62 87 48 104 102 7 22 119 110 19 4 123 78 118 81 103 47 106 114 121 122 8 80 77 3 17 23 84 105
94 40 33 46 43 30 21 85 24 15 64 124 106 36 45 65 52 101 44 54 86 67 41 58 39 25 69 76 100 66
95 47 70 91 18 96 51 84 10 7 73 6 55 122 115 107 74 123 2 48 11 13 92 75 14 59 109 68 125 60
96 47 123 91 10 18 95 6 7 74 51 73 118 84 55 115 99 70 48 108 92 122 109 97 14 50 111 11 102 3
97 83 121 7 119 102 69 84 118 122 6 96 48 123 47 14 67 73 32 101 99 105 95 10 20 70 25 18 86 4
98 11 88 51 59 67 68 70 49 57 117 55 91 34 14 18 74 50 116 109 64 108 1 125 115 95 65 101 36 69
99 47 96 123 14 84 74 6 18 95 7 29 76 55 97 100 73 119 102 109 91 10 101 48 105 115 39 13 92 90
100 49 109 63 55 101 76 120 65 125 88 91 57 115 99 96 124 47 95 61 84 74 116 64 36 18 69 10 68 97
101 64 34 68 124 69 55 65 1 116 57 51 49 59 67 50 4 108 41 53 39 60 44 86 52 58 36 66 125 13
102 7 48 73 122 18 123 118 119 121 70 83 103 47 97 50 110 104 84 62 20 53 60 125 19 106 96 95 105 4
103 107 8 104 89 62 20 73 78 48 102 7 0 119 50 70 110 82 32 105 80 118 18 47 17 23 22 81 123 92
104 8 62 89 103 23 78 82 22 81 80 77 102 114 20 29 87 48 107 119 93 7 123 113 31 47 73 12 0 110
105 4 66 32 61 110 108 69 116 48 14 65 50 39 119 34 59 103 102 19 7 53 51 3 86 60 68 97 101 37
106 54 33 118 24 21 46 94 43 102 30 85 122 121 58 40 44 123 114 110 37 119 17 10 23 53 93 26 15 97
107 103 95 47 2 0 92 73 75 78 70 3 19 7 18 8 10 51 96 62 48 104 80 91 119 61 123 4 12 50
108 1 116 34 2 51 50 68 55 59 4 67 92 101 66 57 69 48 88 105 65 96 64 70 49 10 98 3 7 125
109 91 115 49 55 11 68 74 51 117 100 57 98 120 95 96 76 92 34 65 59 116 67 6 69 14 71 18 108 47
110 86 105 119 102 48 103 7 116 18 121 50 32 17 4 118 20 108 8 59 97 101 56 57 123 122 27 106 53 34
111 42 41 45 44 27 124 1 36 122 69 55 90 119 112 71 88 125 67 65 101 96 34 68 66 13 70 4 54 95
112 111 42 41 36 11 1 98 95 55 91 101 88 45 124 44 84 90 116 27 96 51 79 70 68 108 18 109 47 123
113 81 77 80 78 28 12 82 114 72 89 31 104 87 62 22 8 26 38 6 123 23 106 29 126 0 25 47 9 79
114 31 8 38 104 22 78 82 62 113 80 77 81 24 89 29 28 106 26 12 85 87 23 93 33 46 103 56 21 17
115 91 117 74 11 109 76 95 96 16 84 51 120 55 18 68 98 63 14 49 92 100 88 47 75 6 2 57 99 59
116 34 68 57 108 50 59 55 65 49 64 51 67 66 60 53 58 69 101 1 27 36 125 39 56 52 98 70 18 105
117 115 11 74 91 98 120 109 88 63 55 76 95 92 68 96 6 49 75 64 51 67 2 14 100 34 16 18 84 59
118 10 123 7 102 47 48 96 119 97 106 70 18 73 53 122 20 103 83 95 108 121 54 50 6 60 1 42 110 116
119 83 7 102 48 97 70 122 47 118 86 121 32 123 110 103 111 18 105 45 73 84 19 95 20 96 4 1 71 42
120 16 117 64 63 55 109 115 34 11 101 100 68 91 66 83 52 74 49 76 71 98 51 2 65 36 95 45 116 6
121 83 97 7 102 73 86 122 119 48 27 118 5 101 84 110 70 4 69 41 19 106 125 61 42 108 44 13 111 95
122 7 102 95 18 119 121 47 111 48 97 96 84 10 123 83 6 118 41 73 125 42 1 70 54 106 44 32 19 108
123 47 96 10 18 118 6 7 102 48 95 99 70 73 119 97 122 20 84 50 32 51 74 105 3 111 103 8 83 79
124 1 101 41 45 44 40 111 90 65 43 55 39 34 69 94 116 64 66 67 30 58 27 36 68 33 108 100 57 49
125 88 65 48 70 69 68 116 18 55 50 51 52 53 59 84 34 67 4 101 58 60 64 57 14 108 36 7 95 98
126 42 55 51 45 56 25 49 111 59 36 60 68 70 14 65 91 88 69 6 28 50 31 11 53 125 95 27 64 52
