0 112 72 92 113 4 104 15 22 114 31 89 103 32 93 108 25 66 69 39 105 68 61 75 8 34 87 5 2 116
1 101 44 28 41 33 26 24 42 29 43 20 23 12 27 111 30 17 40 9 105 100 108 60 116 81 118 31 8 61
2 113 107 92 114 72 4 126 3 15 39 104 108 22 5 116 103 82 87 12 93 112 89 0 62 78 85 101 8 69
3 19 2 62 93 86 77 85 12 72 107 114 112 75 0 83 124 89 27 36 117 6 7 79 87 118 102 126 123 100
4 104 113 39 32 31 66 126 22 15 103 37 92 116 25 69 61 28 114 108 112 68 72 8 65 29 34 64 105 82
5 15 116 13 59 109 65 69 60 38 66 44 50 56 58 57 114 113 25 17 53 31 52 22 92 64 37 41 24 30
6 16 122 63 106 70 121 98 71 47 74 84 115 18 125 83 95 88 11 91 14 48 117 119 99 100 10 97 102 73
7 24 44 46 111 41 21 30 45 34 80 58 49 27 40 116 101 43 52 108 64 77 53 5 65 15 66 117 42 50
8 105 82 103 61 29 78 37 23 28 104 20 22 9 81 26 1 35 39 116 31 12 25 75 33 126 92 69 4 111
9 82 81 78 12 26 23 28 42 35 29 1 8 56 75 20 105 110 43 50 17 118 60 36 58 93 57 37 51 120
10 119 88 95 120 83 115 48 70 121 14 18 122 123 74 97 96 91 106 125 16 73 71 117 99 102 118 6 47 63
11 98 18 121 73 48 115 6 117 14 83 97 122 70 74 125 119 106 47 102 88 84 91 63 123 100 95 99 16 10
12 86 81 9 1 23 118 33 91 105 97 125 100 17 120 35 47 16 74 78 95 88 29 70 8 20 28 76 49 75
13 59 109 57 53 60 50 54 69 68 67 37 56 49 31 65 35 58 17 26 5 38 66 22 64 52 15 51 117 25
14 83 70 10 121 123 18 74 71 122 115 91 88 95 125 48 97 119 100 73 106 99 120 102 6 11 96 98 16 47
15 5 116 113 25 69 22 31 4 68 66 114 13 104 37 65 28 59 92 39 32 126 50 108 64 109 60 7 30 58
16 63 6 95 71 119 88 96 47 10 70 84 120 99 74 121 100 98 125 122 115 14 91 83 18 48 97 106 11 102
17 109 57 56 58 50 59 52 38 53 60 49 13 51 54 86 33 118 26 1 110 120 24 35 88 29 37 21 12 70
18 48 115 121 73 97 70 83 119 88 122 74 102 117 123 10 14 91 95 11 106 125 120 98 6 71 99 76 47 84
19 107 3 80 87 62 77 79 72 11 98 117 89 85 71 102 6 59 112 109 106 70 0 18 14 121 58 93 45 83
20 29 23 35 26 28 37 68 78 66 65 81 22 116 38 69 67 105 31 64 61 1 33 8 25 21 57 59 56 52
21 46 111 40 44 41 27 43 30 33 67 65 90 24 64 38 7 49 42 56 50 94 52 58 23 66 34 45 60 68
22 25 37 31 116 39 68 69 66 65 126 67 20 64 61 15 4 23 13 28 26 104 34 29 59 105 8 50 32 30
23 20 29 35 28 26 37 64 65 81 66 105 67 25 46 38 78 31 68 21 69 9 22 8 116 1 12 33 24 82
24 41 44 45 46 58 27 30 7 52 33 111 50 56 43 53 21 1 118 40 57 60 34 49 101 100 42 59 64 125
25 37 31 116 22 66 64 28 65 69 35 15 68 126 67 23 34 32 104 29 26 105 44 20 114 61 58 103 113 4
26 29 20 35 23 28 37 78 105 1 61 81 57 38 116 13 50 9 109 59 65 60 22 25 64 56 17 53 44 58
27 33 40 46 24 21 45 41 111 44 30 43 90 42 99 47 1 98 49 63 100 97 36 76 118 119 94 57 7 122
28 37 31 23 35 66 29 26 25 20 65 68 64 116 67 69 126 1 34 61 105 103 22 8 9 32 81 38 104 39
29 20 26 35 23 37 28 78 81 105 61 8 1 103 25 111 116 31 66 33 22 9 67 24 21 65 82 17 46 69
30 44 41 46 24 21 111 58 43 101 50 27 45 49 7 60 33 42 56 40 1 59 57 26 51 116 36 64 25 37
31 25 37 126 66 68 28 22 69 65 67 116 64 39 104 34 13 105 35 4 23 20 114 32 15 113 29 111 61 21
32 104 4 25 37 31 66 28 22 23 68 69 35 26 15 116 92 113 20 64 29 61 126 65 41 39 67 13 105 96
33 27 90 45 40 46 74 70 42 97 122 24 44 91 49 21 125 111 95 119 1 88 118 115 14 43 83 58 120 56
34 66 68 65 28 37 31 24 25 46 69 64 116 111 21 67 7 22 43 126 44 61 42 1 45 33 41 23 58 35
35 20 29 26 23 28 37 81 64 66 25 65 67 53 78 57 33 31 69 13 105 60 68 24 38 109 50 58 82 9
36 42 43 125 122 74 91 47 115 121 100 83 70 48 119 97 88 95 123 10 118 106 120 18 99 63 6 33 117 85
37 25 31 66 22 116 28 65 68 67 64 23 29 69 35 20 26 126 39 50 61 34 105 13 104 58 59 57 8 32
38 57 59 50 17 66 60 21 64 53 65 109 68 23 20 67 26 58 49 13 56 52 40 46 37 35 5 44 28 24
39 22 126 37 68 104 4 31 69 66 65 116 113 67 64 20 28 8 61 25 108 103 15 105 111 56 23 29 1 35
40 21 27 46 33 44 42 24 111 41 38 43 101 124 30 65 1 64 49 23 66 45 90 56 119 7 94 36 108 74
41 44 24 46 30 45 21 27 58 43 50 1 7 40 33 52 49 64 42 47 65 118 106 98 60 67 56 111 57 23
42 43 36 122 91 118 33 125 120 44 115 106 88 97 74 119 40 90 48 70 121 21 10 95 45 47 1 83 27 24
43 42 36 44 122 45 21 91 125 118 85 46 30 41 94 106 90 24 33 115 47 27 111 48 121 120 74 83 119 88
44 41 30 24 46 45 21 58 43 49 50 27 7 42 40 101 33 1 60 57 56 118 64 52 65 25 106 38 26 111
45 41 24 44 33 43 27 58 46 122 47 106 90 117 83 11 73 118 98 125 49 99 6 30 42 115 121 48 57 70
46 21 41 111 44 27 24 40 33 30 65 45 64 43 7 67 66 23 68 34 50 58 69 38 90 42 101 57 60 94
47 91 125 63 122 100 6 70 16 95 88 118 121 119 76 74 97 84 115 36 48 73 83 11 120 98 18 10 99 106
48 115 121 18 119 88 97 83 122 73 10 70 74 95 91 123 125 117 102 106 120 11 14 6 76 47 98 118 36 99
49 57 53 52 54 51 58 60 59 50 56 44 73 33 70 55 97 118 109 88 83 45 13 24 21 18 106 17 38 122
50 58 56 57 59 52 60 53 109 54 49 13 44 51 17 37 38 24 41 30 21 46 64 26 65 67 68 70 55 14
51 54 49 57 55 88 119 53 95 56 73 120 58 50 60 52 10 48 18 70 115 59 121 106 91 97 122 74 117 17
52 56 50 49 58 59 54 57 60 53 24 51 17 109 73 120 41 21 33 38 44 97 74 118 88 23 13 70 123 45
53 57 59 109 49 50 58 60 54 13 56 51 52 17 24 35 67 38 65 64 55 66 37 68 10 83 118 76 119 26
54 51 49 57 59 53 52 50 56 60 13 58 73 55 97 88 76 117 109 70 119 18 17 48 95 10 45 120 33 122
55 51 57 16 49 119 95 54 88 98 10 53 50 120 56 70 63 47 99 121 73 52 11 18 96 6 60 74 58 48
56 50 58 52 57 59 60 54 53 49 51 109 17 24 33 13 21 44 38 111 37 26 55 88 120 30 10 68 41 118
57 53 50 58 60 56 59 49 109 54 51 13 52 17 38 55 67 24 35 65 26 64 44 45 95 33 37 119 88 73
58 50 57 56 59 52 53 60 49 24 44 109 45 51 17 54 30 41 33 64 120 37 13 21 38 46 88 118 65 70
59 50 53 57 13 109 58 60 52 56 54 49 17 38 51 37 68 67 5 24 118 26 65 66 64 22 44 69 97 102
60 57 50 58 59 56 53 49 13 109 52 54 51 67 44 17 38 24 64 118 65 33 66 125 37 35 21 30 26 122
61 103 8 105 37 26 28 29 116 22 104 20 78 35 25 31 66 23 4 69 1 39 34 126 68 67 65 81 82 64
62 19 107 3 87 77 110 85 79 45 80 13 11 15 2 30 49 108 90 93 7 94 5 41 58 33 40 44 54 17
63 16 47 6 95 119 84 71 125 88 70 96 10 11 121 99 74 120 97 100 122 115 91 76 98 48 18 106 14 83
64 65 66 67 68 69 37 25 46 28 23 35 31 116 21 38 58 60 57 53 34 22 50 20 44 41 24 26 126 13
65 64 66 67 68 69 37 31 116 46 25 28 22 126 35 21 23 34 20 38 39 53 57 13 60 50 58 26 109 59
66 65 64 68 69 67 37 31 25 28 22 116 35 34 126 38 23 46 20 39 60 21 53 57 4 13 32 111 29 59
67 65 64 66 68 69 37 31 28 46 21 60 57 13 25 35 22 53 23 38 20 50 109 59 126 34 58 116 39 41
68 65 66 64 69 67 31 37 22 28 116 39 25 34 13 20 46 38 126 23 59 57 50 53 35 60 21 111 15 56
69 66 65 68 67 64 31 37 22 126 116 25 28 13 39 34 35 15 20 23 46 5 21 59 57 53 38 60 50 109
70 74 83 115 121 88 18 97 95 122 119 125 48 91 14 10 102 106 73 71 123 6 120 47 99 117 16 76 118 98
71 96 14 16 70 6 83 121 74 95 88 10 18 122 125 63 84 119 123 115 91 102 76 97 48 106 120 73 100 47
72 112 0 4 92 2 15 113 108 104 39 126 114 107 31 19 87 22 32 25 124 3 116 5 66 34 69 37 62 68
73 18 48 121 97 115 91 123 83 102 119 88 122 117 70 74 11 95 125 106 14 10 84 120 98 76 47 99 118 6
74 115 70 121 122 88 18 120 125 97 91 119 48 95 83 106 123 14 10 73 102 117 99 6 71 47 76 118 36 98
75 78 97 103 86 102 9 99 70 74 118 120 82 1 23 29 100 88 123 125 31 28 33 106 12 8 105 81 95 36
76 91 70 47 74 121 96 48 88 73 18 115 122 125 95 97 71 119 83 14 106 10 63 102 16 123 118 120 6 117
77 46 80 7 40 41 45 21 24 79 44 43 23 94 118 30 27 85 111 47 101 42 117 123 38 122 73 20 11 35
78 81 82 103 29 9 26 20 35 23 8 75 61 28 37 12 55 1 42 105 33 56 111 116 104 17 57 51 22 60
79 41 44 77 89 109 87 85 57 40 46 94 45 13 30 27 67 49 123 117 51 121 43 38 17 56 53 18 14 65
80 7 77 46 43 45 24 19 44 21 118 58 117 34 47 40 120 87 11 122 106 60 94 48 88 41 10 90 119 73
81 78 9 82 35 29 23 26 20 12 28 103 8 1 92 93 37 42 61 31 75 33 43 55 101 105 104 22 32 36
82 9 81 78 8 23 35 26 29 93 28 20 92 75 105 126 61 12 31 1 37 103 113 22 111 55 17 101 32 4
83 70 123 115 14 10 48 18 121 119 74 97 122 73 88 102 99 95 125 91 117 120 71 106 6 100 11 96 47 36
84 6 99 73 47 63 16 91 71 11 125 18 102 70 48 100 83 122 98 115 123 119 121 97 117 74 96 88 95 14
85 43 94 36 121 42 122 6 106 47 118 74 45 125 83 115 71 70 120 91 119 63 48 10 117 76 95 88 16 123
86 97 12 120 74 106 115 88 17 118 91 119 125 70 122 123 95 33 75 42 49 36 51 10 48 83 102 57 56 52
87 58 50 109 13 59 60 41 30 25 22 67 45 44 57 37 52 53 56 65 5 17 116 79 64 117 66 18 89 31
88 119 95 10 115 70 120 121 48 74 18 122 97 91 106 125 83 73 14 16 123 118 102 117 47 6 71 98 63 76
89 79 92 87 5 93 38 68 65 85 67 13 69 109 22 64 126 66 60 0 76 41 70 16 10 102 63 6 59 95
90 94 33 43 111 21 45 42 27 46 44 24 36 40 51 48 54 49 41 1 122 30 29 91 115 121 117 97 35 58
91 125 122 70 115 47 74 121 88 48 73 97 95 118 18 119 106 83 14 123 10 100 102 76 120 6 36 117 84 71
92 113 4 104 82 93 81 22 66 31 15 114 5 32 126 0 69 8 112 68 39 116 28 9 65 61 25 2 37 78
93 82 92 81 38 9 85 12 42 78 47 43 118 26 16 91 114 1 55 110 89 76 36 17 95 35 101 120 119 20
94 90 43 85 21 33 45 111 42 46 27 40 48 121 36 122 41 44 115 11 30 65 117 24 7 67 98 106 34 116
95 119 88 10 70 120 115 74 121 48 122 91 125 16 18 97 83 106 14 102 73 63 123 47 118 96 6 71 117 76
96 71 10 16 95 119 14 76 83 88 120 63 70 121 48 123 74 99 115 84 6 18 122 125 100 91 102 97 73 106
97 115 18 48 102 70 117 88 123 74 125 122 73 119 83 121 91 106 95 10 120 14 99 118 47 11 6 100 76 98
98 11 106 6 18 100 121 122 70 88 73 74 117 48 99 14 47 16 119 115 97 118 91 83 95 84 125 123 63 102
99 83 100 123 102 97 74 70 14 115 84 18 10 119 6 16 73 98 47 125 120 88 117 48 122 95 63 121 91 11
100 99 125 47 91 14 98 122 118 83 123 106 70 6 74 36 16 97 10 11 121 84 95 63 88 71 102 115 119 18
101 1 44 30 111 24 40 46 21 43 64 108 42 28 41 31 68 116 66 126 65 7 34 25 114 23 20 33 27 29
102 97 18 123 70 73 83 117 115 48 74 125 119 99 95 121 91 88 122 106 14 10 11 71 6 84 100 16 47 118
103 78 8 61 104 28 29 37 4 23 81 105 113 75 35 25 31 39 116 20 26 22 69 66 82 1 9 33 32 108
104 4 113 32 103 39 31 37 25 61 22 8 92 15 116 28 69 66 126 108 105 68 29 114 81 78 112 20 35 65
105 8 29 26 61 37 23 28 31 20 35 25 22 103 12 1 66 68 69 9 126 33 64 65 82 67 104 39 34 75
106 122 121 74 115 88 97 70 18 117 118 91 98 6 125 95 48 119 120 123 83 10 73 14 102 100 11 47 71 16
107 19 2 85 83 74 117 88 120 123 62 70 10 36 121 122 125 119 99 48 124 71 6 115 102 11 72 43 97 100
108 113 1 111 31 101 104 4 40 114 39 34 42 126 27 28 30 43 15 7 25 61 33 75 37 116 22 90 103 66
109 53 59 57 13 50 60 17 56 58 49 52 38 54 51 67 26 5 65 35 24 64 66 44 41 69 46 116 87 30
110 17 9 37 56 50 57 53 52 12 26 13 38 54 23 40 29 58 1 59 21 30 120 60 27 51 64 35 95 65
111 21 46 27 30 24 7 33 90 40 43 101 34 56 29 66 68 37 42 31 94 1 44 49 65 41 108 67 51 36
112 72 0 4 113 92 104 108 15 32 39 8 103 114 82 61 111 31 101 22 69 126 2 124 116 93 105 3 34 19
113 4 104 15 108 114 39 31 92 103 25 66 126 116 28 5 69 22 32 112 37 68 65 61 2 82 0 101 81 8
114 113 31 25 15 126 116 66 5 4 108 22 92 101 69 65 37 104 28 1 111 34 64 68 30 39 27 103 93 2
115 48 121 74 18 119 97 70 88 122 83 10 95 91 123 73 120 125 106 117 102 14 6 99 11 47 36 71 76 118
116 25 37 22 65 66 15 69 31 28 68 64 5 126 20 61 26 34 39 23 29 67 44 35 4 30 1 46 114 104
117 97 18 123 122 102 115 48 73 106 83 121 125 74 119 70 88 120 11 10 95 6 91 98 99 14 118 47 84 71
118 91 122 106 125 88 95 47 100 70 97 119 74 120 115 121 10 73 48 98 18 117 123 83 42 36 43 102 14 6
119 88 95 10 115 48 18 121 70 120 74 83 97 122 73 91 125 123 16 102 106 14 117 47 118 96 63 6 71 99
120 88 10 119 74 95 115 122 121 48 70 106 83 97 125 18 91 123 14 117 73 118 16 47 99 96 6 63 51 71
121 115 48 18 122 74 70 88 83 119 73 91 95 125 10 97 106 14 123 11 120 6 117 71 102 98 47 76 36 118
122 121 91 125 115 106 74 48 70 88 18 97 119 95 83 117 118 10 120 6 123 73 14 47 100 102 98 36 71 11
123 83 97 102 115 18 117 73 48 14 74 121 10 122 119 70 99 125 91 106 88 95 120 100 71 11 6 118 47 36
124 40 33 24 27 74 70 91 52 47 99 21 125 97 90 118 41 56 83 102 100 95 14 10 84 44 48 45 115 119
125 91 122 70 74 97 47 121 115 95 88 48 119 18 83 100 106 102 118 123 14 117 73 10 120 6 36 71 63 11
126 31 69 39 37 65 22 66 28 25 116 68 67 4 64 114 34 113 104 13 35 61 111 101 105 21 82 20 108 30
