0 92 8 108 56 115 19 82 109 62 58 120 57 105 50 119 9 18 88 52 97 55 116 98 74 118 72 104 84 10
1 108 101 58 115 57 76 42 45 116 36 44 83 97 94 71 50 64 53 33 30 60 91 120 123 118 98 56 43 119
2 102 16 105 112 4 47 73 88 98 23 18 84 74 107 91 125 124 114 39 76 55 122 60 89 104 82 58 0 119
3 93 72 78 84 113 80 9 103 107 12 18 98 77 8 74 81 10 73 47 62 122 104 6 4 119 16 89 79 82
4 114 105 104 60 109 39 88 22 56 126 67 116 2 108 71 23 20 53 66 47 29 124 50 57 62 1 0 76 59
5 25 31 50 59 65 120 51 109 17 56 54 37 28 57 7 58 49 52 15 14 108 126 105 53 64 118 94 9 48
6 97 123 71 100 96 11 99 10 63 83 125 106 121 88 18 73 16 56 105 70 74 47 102 0 95 62 122 53 91
7 76 120 98 119 115 117 95 91 48 83 14 70 84 58 118 50 47 88 18 108 92 5 57 74 0 109 97 16 122
8 108 58 50 105 0 109 57 92 82 115 55 56 104 25 120 126 60 97 19 52 67 37 49 119 18 116 59 98 17
9 92 108 98 75 115 19 120 0 91 82 50 1 109 119 72 105 7 118 76 17 70 84 57 48 18 58 88 8 104
10 6 88 97 11 123 73 100 18 125 95 83 16 96 106 63 121 71 99 91 0 14 102 84 62 48 105 124 70 92
11 96 123 100 125 6 121 63 106 83 99 71 102 97 10 16 118 70 73 47 91 88 95 48 14 18 21 117 23 105
12 81 78 77 122 73 0 29 80 74 98 72 18 8 104 7 119 103 79 92 84 3 120 9 55 35 25 19 28 6
13 38 46 86 85 24 27 40 41 90 68 22 34 25 28 21 15 31 124 66 61 26 126 30 65 5 37 69 94 17
14 117 7 48 91 51 95 102 98 120 49 10 83 5 118 31 119 17 88 47 11 16 70 59 25 76 84 18 106 73
15 53 59 60 56 54 61 109 50 25 86 55 126 31 65 22 5 13 38 33 41 37 116 17 51 67 68 105 58 108
16 125 11 100 102 10 106 96 97 47 6 121 123 63 7 99 2 83 124 95 23 48 18 14 105 88 117 114 107 74
17 50 64 57 108 126 116 94 49 60 51 58 59 67 105 21 53 5 101 66 32 109 23 69 20 25 56 1 61 54
18 84 74 98 47 97 119 115 88 83 120 76 73 91 123 10 122 6 0 95 55 7 71 104 117 105 8 48 118 82
19 82 0 9 108 105 73 8 58 109 98 119 91 115 88 116 55 118 67 57 120 104 50 18 126 1 56 114 84 60
20 17 32 23 105 66 86 29 114 109 55 4 56 38 104 22 74 67 124 99 8 46 50 126 35 103 102 15 48 100
21 44 94 36 33 42 45 27 30 43 24 46 41 17 40 126 69 1 85 38 13 65 49 64 124 86 116 83 117 101
22 86 46 68 38 24 85 34 13 90 27 66 40 41 124 126 116 15 4 67 105 109 114 17 37 53 54 56 64 30
23 105 56 32 60 17 58 59 51 55 52 53 66 20 57 64 124 50 16 4 10 49 114 109 5 2 39 0 126 108
24 27 46 40 85 41 13 38 86 90 34 124 68 22 21 30 44 126 66 42 94 36 67 43 64 61 69 45 33 65
25 37 31 5 109 59 50 54 64 66 65 49 51 57 67 28 126 58 52 15 94 108 8 120 101 13 56 17 38 48
26 29 38 86 35 13 46 41 22 105 85 82 40 70 74 96 117 87 124 95 21 34 72 16 68 15 109 9 126 17
27 24 46 40 85 13 38 86 41 90 21 44 30 34 68 124 42 66 22 94 126 67 36 64 45 69 33 65 25 48
28 31 61 25 5 13 37 80 15 51 44 41 49 81 14 29 35 94 126 32 124 63 69 36 26 75 117 45 12 27
29 35 104 80 26 81 61 124 74 103 122 18 55 109 20 89 12 105 95 62 4 25 88 77 0 63 8 110 15 28
30 42 45 33 44 36 94 43 21 64 27 116 41 24 126 1 46 115 40 108 53 124 101 83 97 123 71 38 18 39
31 25 28 5 37 59 61 94 57 109 51 15 75 120 54 50 108 49 126 65 69 17 53 13 116 52 8 14 56 58
32 23 116 17 94 20 66 49 126 64 75 59 67 86 52 39 53 55 69 31 58 56 124 51 109 57 99 85 82 0
33 45 30 36 42 21 44 43 94 116 53 1 41 64 101 115 17 76 15 65 54 126 27 60 83 124 108 71 24 70
34 90 40 86 85 46 24 41 68 124 38 27 22 13 111 61 66 80 64 37 126 26 20 32 67 28 21 44 43 114
35 29 104 110 95 26 103 25 61 38 109 15 77 55 122 0 105 74 5 80 28 22 20 16 14 81 18 17 121 63
36 44 45 30 33 43 42 21 94 1 27 41 69 116 97 24 115 64 101 124 76 108 126 71 83 123 53 120 25 57
37 25 109 31 50 57 56 52 59 5 66 8 64 86 126 54 67 71 1 108 58 120 15 17 97 28 55 38 101 53
38 86 46 85 13 40 24 90 27 41 68 34 22 124 66 26 69 25 126 21 15 67 30 37 65 64 35 17 61 20
39 116 66 67 105 126 56 59 114 60 64 109 53 94 124 4 54 57 52 1 108 58 55 71 101 49 76 8 30 0
40 85 46 90 86 24 38 27 13 34 41 68 22 21 66 124 30 67 64 126 44 69 61 37 94 25 65 26 52 15
41 46 24 40 27 85 86 124 38 13 90 34 68 61 30 21 22 45 44 43 36 33 15 80 111 26 69 28 94 63
42 30 45 44 36 94 33 21 43 115 27 1 101 126 64 108 83 97 53 124 116 67 123 24 66 117 17 48 76 120
43 36 30 45 44 33 42 21 94 41 1 124 24 83 123 71 116 27 63 97 53 101 64 46 23 69 18 76 88 126
44 36 94 21 30 42 45 33 43 27 1 24 116 101 64 41 126 69 83 124 17 53 40 108 46 39 123 115 48 31
45 33 36 30 42 44 43 21 94 1 41 27 108 53 101 64 17 69 115 46 83 124 76 24 123 61 116 18 126 117
46 24 27 85 40 86 38 13 41 90 34 68 124 22 21 30 61 69 44 45 26 66 126 64 65 67 15 42 94 36
47 91 18 74 83 98 73 97 76 88 120 115 123 7 84 16 48 117 95 71 119 122 82 6 118 70 109 72 50 11
48 120 95 91 115 117 7 76 14 83 119 118 126 88 47 97 67 66 70 18 98 84 49 25 94 74 102 92 123 10
49 57 51 58 50 64 59 54 65 53 120 101 25 67 60 94 66 17 52 119 56 108 126 116 115 55 14 8 75 31
50 58 109 57 51 60 59 101 54 49 56 108 17 53 8 55 64 25 119 115 82 120 67 5 76 118 65 0 98 66
51 60 59 53 49 50 54 58 57 101 56 25 17 64 109 52 5 108 65 14 67 31 23 66 75 120 95 126 94 8
52 57 58 56 108 55 59 64 67 126 94 66 109 54 51 49 25 105 50 115 101 37 0 65 60 116 69 92 75 53
53 60 54 59 56 51 58 15 57 50 109 108 101 94 49 64 116 126 71 67 33 1 17 39 52 42 105 45 30 65
54 59 53 60 51 57 58 50 64 56 109 101 108 49 67 65 25 15 94 116 66 52 126 5 39 31 1 37 17 33
55 74 50 56 52 58 8 105 66 109 57 101 67 18 82 0 116 122 108 15 49 126 59 23 119 25 92 39 104 64
56 60 59 53 57 58 52 109 50 105 54 108 55 71 67 0 15 51 23 8 39 126 116 66 49 37 5 88 6 101
57 58 49 50 108 59 52 60 64 56 54 109 101 120 53 67 51 126 66 118 115 94 116 17 8 119 76 1 25 0
58 57 50 108 56 109 52 60 101 54 53 49 59 51 8 64 67 115 1 55 98 118 119 0 94 105 116 75 126 120
59 54 53 60 56 51 109 57 50 67 58 108 15 66 25 49 126 64 101 52 5 116 65 39 31 94 17 37 105 23
60 53 56 59 54 51 57 50 58 109 108 15 101 67 49 71 105 64 17 4 39 116 126 1 52 23 76 8 94 66
61 80 28 15 41 31 81 124 68 29 46 17 104 25 34 13 24 86 35 40 45 38 113 37 90 103 85 14 33 5
62 0 104 92 122 10 6 88 56 8 18 75 29 74 84 103 58 55 4 71 107 119 97 98 73 123 19 109 83 108
63 11 100 6 96 99 106 125 123 121 97 83 71 10 102 16 95 18 43 30 73 29 88 74 47 124 53 105 41 14
64 66 57 67 94 101 126 49 54 116 65 17 50 58 59 52 108 25 30 53 60 42 51 39 1 44 27 69 56 109
65 64 54 49 25 66 59 50 5 58 126 51 52 94 101 67 57 109 116 15 31 53 1 56 17 60 33 21 108 69
66 67 126 64 101 109 59 39 57 116 25 94 86 52 49 65 27 55 54 50 22 58 56 105 38 124 17 40 37 108
67 66 126 64 59 101 109 57 94 39 58 54 52 56 50 60 49 108 116 25 105 53 17 55 69 27 86 51 65 48
68 46 86 38 40 13 34 22 24 27 41 85 90 124 61 69 15 80 17 67 37 25 126 31 65 21 26 54 111 20
69 94 126 67 57 21 52 64 17 38 44 116 66 108 27 56 31 86 36 46 25 68 45 55 105 65 40 50 0 85
70 120 91 83 115 117 97 7 123 76 118 108 6 105 11 48 1 47 119 84 95 71 94 88 9 8 0 75 18 73
71 123 6 83 97 118 11 88 56 76 108 63 99 60 53 1 120 115 18 91 10 109 47 59 57 105 37 126 58 0
72 75 109 0 115 58 57 118 9 108 52 18 120 123 3 92 8 47 88 82 119 83 7 91 50 56 25 98 73 76
73 91 84 83 88 98 18 10 47 97 115 120 6 119 123 76 74 95 102 19 122 118 82 11 71 8 7 12 70 92
74 18 122 55 47 84 119 97 88 73 82 76 0 29 123 91 6 81 7 83 99 120 48 92 115 89 104 105 98 8
75 108 9 58 50 72 92 119 91 118 57 120 52 31 115 109 116 49 0 51 1 82 83 98 105 123 7 76 56 25
76 120 115 119 7 98 91 84 83 118 88 122 18 57 108 1 71 48 101 50 95 47 70 97 73 117 60 74 82 0
77 81 78 12 87 79 74 29 35 18 113 103 80 9 98 122 3 73 61 10 28 0 5 110 111 7 19 84 121 104
78 12 77 81 3 73 80 72 79 113 7 29 104 87 28 122 35 8 61 9 26 111 16 84 75 25 6 125 98 15
79 81 77 113 87 107 12 80 19 98 78 119 29 93 18 75 91 88 35 84 104 73 3 62 74 7 9 61 122 47
80 61 81 29 124 103 104 28 68 111 41 107 87 110 12 15 93 34 35 78 109 77 3 9 0 79 10 19 75 37
81 77 12 80 61 103 29 78 74 79 107 0 87 92 104 93 122 9 18 73 119 98 28 84 5 35 19 113 25 55
82 19 50 115 8 0 119 109 57 58 98 116 55 108 74 92 76 9 118 105 120 126 84 47 73 67 91 75 122 18
83 123 71 97 91 118 11 6 120 76 115 73 18 84 95 47 70 117 88 63 7 108 119 1 48 10 94 96 98 42
84 18 119 120 98 76 115 73 74 91 83 122 95 88 7 118 47 97 0 82 92 48 70 117 10 50 9 123 8 55
85 40 86 46 90 38 24 13 27 34 41 22 68 66 21 124 64 30 67 69 126 44 61 26 32 37 17 94 43 25
86 38 85 46 40 90 13 24 22 27 34 41 68 66 124 126 67 15 37 64 69 26 25 21 20 30 17 61 32 52
87 77 89 113 81 80 79 103 29 74 26 107 35 9 5 119 88 18 84 19 78 110 104 111 7 124 47 61 3 112
88 119 97 91 71 18 73 76 10 120 83 6 84 115 74 47 118 123 98 117 7 0 48 105 56 108 4 122 92 99
89 87 74 29 93 104 18 47 122 2 80 107 84 81 113 103 45 119 88 92 26 98 102 3 70 91 62 61 9 20
90 85 40 86 46 34 38 24 27 13 41 68 22 66 124 69 21 67 126 61 64 15 32 30 37 44 20 26 111 43
91 83 119 120 115 73 98 76 118 47 88 95 84 48 7 70 18 108 97 123 14 75 1 71 117 9 57 50 58 122
92 0 9 115 108 8 120 58 75 62 57 119 52 7 82 50 84 98 88 109 55 56 74 97 105 91 48 72 18 76
93 3 81 18 89 80 0 10 88 103 84 74 92 82 107 98 119 73 47 113 29 79 104 12 62 122 72 76 112 9
94 44 21 42 30 116 126 36 64 101 108 33 67 57 115 45 53 66 17 69 52 49 54 58 120 59 43 1 83 27
95 48 91 120 7 115 83 84 10 76 18 98 73 123 14 47 118 119 63 51 70 122 50 35 6 25 97 121 16 49
96 11 100 106 125 6 121 63 99 102 123 10 83 16 97 71 73 95 23 26 18 124 21 43 32 70 111 117 74 48
97 6 123 71 83 88 18 99 11 115 10 120 63 108 73 47 100 74 117 70 91 1 76 105 16 96 0 118 48 84
98 115 76 119 120 18 84 91 7 73 47 58 118 9 50 88 83 57 108 95 82 0 117 1 14 92 97 48 19 122
99 100 6 96 63 11 102 97 123 106 71 125 10 105 121 83 16 74 88 39 124 56 21 18 70 20 32 126 44 48
100 99 96 6 125 11 102 63 106 121 123 10 97 16 83 71 105 14 124 74 18 39 48 23 32 70 20 73 56 21
101 50 58 67 64 57 1 94 108 66 54 51 59 53 115 49 60 42 76 126 109 55 52 17 44 116 119 120 65 56
102 100 99 125 11 96 121 106 16 73 14 63 83 6 91 2 10 48 124 123 18 70 74 47 112 88 97 95 84 20
103 104 107 81 80 29 35 122 62 87 18 92 10 112 77 84 61 110 93 74 20 12 0 102 105 19 73 3 95 8
104 29 35 103 105 4 62 8 108 0 18 107 109 55 80 61 91 88 74 17 19 81 122 50 84 73 47 92 117 75
105 56 126 8 108 39 4 109 23 116 55 104 60 58 0 67 114 57 97 52 17 124 66 50 88 117 19 59 6 82
106 96 125 11 121 100 63 6 99 102 10 16 123 83 97 70 71 14 111 124 95 43 23 73 41 113 48 21 32 18
107 103 104 81 18 91 98 112 47 84 80 2 16 113 62 92 74 119 88 9 79 29 110 87 3 93 73 10 23 0
108 1 58 57 8 50 94 109 101 115 75 59 56 116 60 54 52 105 120 118 53 17 64 0 126 97 76 92 9 91
109 50 59 58 56 57 126 67 60 108 25 54 66 53 8 37 105 0 116 15 55 52 101 51 82 39 118 5 72 4
110 35 80 29 103 55 107 86 22 32 104 15 38 111 62 13 124 81 61 18 109 84 34 46 77 16 37 23 74 85
111 34 80 121 41 124 106 113 46 125 61 68 96 110 29 24 102 90 35 86 85 100 38 77 13 87 40 99 81 16
112 2 107 102 103 16 113 91 125 33 124 42 47 44 76 30 18 104 93 98 73 45 87 84 106 36 121 43 21 39
113 87 61 79 107 77 18 111 3 125 29 47 16 81 80 106 103 74 89 112 63 93 78 121 84 41 102 10 15 2
114 4 39 105 67 66 126 20 22 19 23 109 75 16 48 88 1 57 60 122 2 71 108 124 56 17 104 9 76 47
115 120 76 98 119 91 84 83 108 18 7 118 97 57 95 94 48 42 58 92 70 117 50 101 0 1 82 8 88 73
116 94 126 39 64 108 57 66 17 105 59 30 1 109 67 54 53 58 56 44 60 115 33 32 82 50 52 101 55 0
117 120 7 48 83 115 14 70 97 88 76 126 98 91 105 47 18 123 118 119 108 94 84 42 57 122 21 74 82 71
118 120 71 123 83 119 91 115 76 57 108 58 98 50 84 88 70 48 7 109 97 11 75 0 1 82 117 95 49 47
119 120 84 115 76 98 91 88 7 118 18 50 57 74 58 83 73 108 48 0 82 49 122 75 101 92 1 47 9 95
120 115 76 119 118 98 7 91 84 48 83 57 95 117 70 108 18 88 97 50 49 73 0 94 58 5 9 47 71 92
121 125 96 11 106 100 63 6 102 10 16 99 123 95 70 83 111 97 73 23 35 32 105 124 91 47 71 68 41 14
122 74 84 76 18 115 120 119 55 91 83 47 73 62 88 97 12 98 71 82 7 95 0 6 29 92 105 117 8 104
123 71 83 97 11 6 118 63 99 100 10 18 108 96 70 91 125 73 88 47 120 115 95 1 94 58 117 74 106 16
124 41 24 46 34 27 126 68 86 22 38 105 66 61 39 80 29 40 42 116 30 67 43 44 109 13 85 102 16 94
125 121 96 100 11 106 63 16 102 6 10 99 123 83 97 95 73 23 2 113 18 111 71 70 35 4 105 47 39 112
126 67 66 94 116 109 64 105 57 59 108 17 39 52 42 56 53 101 58 25 124 50 54 65 69 48 60 30 27 49
