0 92 8 108 80 79 104 105 116 31 25 82 93 81 22 9 103 112 77 37 12 114 4 78 72 28 107 61 101 26
1 97 111 71 106 24 37 40 67 27 42 112 45 43 101 44 41 30 29 65 39 33 108 23 107 3 47 25 28 78
2 112 62 107 75 87 93 115 90 19 126 3 84 78 34 61 43 21 16 83 114 86 79 6 17 125 72 117 41 94
3 62 1 71 106 97 40 114 87 111 115 84 125 70 74 73 0 21 48 16 63 112 2 101 18 83 24 96 14 72
4 104 66 22 116 108 65 28 103 69 29 31 39 20 35 23 105 32 113 68 61 67 126 101 8 82 25 5 12 15
5 22 39 25 31 116 69 66 37 109 65 103 59 67 68 28 13 4 126 94 113 61 17 54 23 57 29 32 53 78
6 18 14 125 123 48 95 84 83 73 74 7 71 63 47 98 11 106 70 76 96 88 97 50 120 32 16 115 58 10
7 88 76 120 117 11 102 119 95 18 121 73 10 74 83 84 71 106 122 125 14 96 123 63 97 40 6 55 52 48
8 105 0 92 81 80 12 104 116 78 25 22 103 28 32 114 20 108 9 82 79 26 77 31 23 93 64 37 4 29
9 80 72 12 79 77 32 81 35 23 82 29 75 26 124 105 92 101 20 8 78 111 0 41 121 108 86 17 120 44
10 119 120 121 76 122 11 52 102 88 46 117 57 7 33 54 38 60 86 59 49 36 15 27 50 17 58 91 56 53
11 102 100 10 7 76 88 121 122 120 52 119 38 46 50 57 59 117 44 56 36 55 32 124 86 49 41 33 27 54
12 9 80 82 32 77 8 124 79 29 20 35 23 72 101 26 105 108 81 75 92 103 93 4 120 126 111 46 78 0
13 17 38 109 15 52 35 23 32 59 56 31 22 50 60 58 26 29 54 57 69 49 64 86 53 20 65 105 33 25
14 47 48 74 70 123 73 83 6 95 71 96 125 7 18 63 84 98 88 106 97 11 76 16 115 102 120 40 122 32
15 38 13 17 109 35 23 60 54 49 52 29 86 26 59 31 94 116 33 32 57 53 42 22 72 21 10 25 58 45
16 115 123 98 70 83 106 84 117 71 47 63 125 74 95 88 73 40 14 121 7 18 120 97 91 90 96 6 111 48
17 13 15 23 38 109 50 32 35 53 52 59 54 58 94 33 29 26 110 57 20 42 56 60 41 25 10 22 101 49
18 125 95 6 74 71 123 73 83 98 63 7 106 14 47 97 84 96 48 102 88 40 70 16 76 115 117 120 11 99
19 89 87 84 73 93 6 107 48 74 63 92 71 106 96 18 62 0 97 14 79 2 40 125 78 83 103 81 95 12
20 29 35 32 23 26 28 81 101 124 82 80 77 105 37 12 9 25 38 64 104 61 31 8 54 126 13 79 57 17
21 43 45 24 27 33 42 101 41 44 90 35 36 49 34 60 29 111 30 15 72 23 26 58 46 57 124 55 56 20
22 25 31 116 5 66 39 69 103 37 109 65 78 4 23 8 68 13 28 104 29 15 32 61 35 38 126 17 82 113
23 32 35 29 26 20 17 38 9 13 101 15 25 31 124 80 105 28 37 22 41 109 59 54 33 81 44 69 116 12
24 43 42 27 21 45 33 51 41 30 49 60 53 111 36 55 34 101 57 29 44 58 124 20 35 52 46 50 54 59
25 31 22 116 5 66 37 69 28 23 65 109 105 39 68 8 32 26 35 20 103 29 61 59 126 67 15 38 78 54
26 32 124 23 20 35 101 105 29 77 28 72 9 50 86 15 64 79 25 54 81 38 111 13 80 59 52 46 82 27
27 43 45 24 21 42 33 30 101 124 111 36 41 26 44 10 56 90 35 46 51 119 53 72 55 58 20 117 57 60
28 20 26 25 61 116 37 105 29 101 35 32 23 31 4 34 126 8 22 79 69 104 66 65 82 5 109 124 81 9
29 20 35 32 23 26 9 37 101 15 28 80 124 31 12 109 105 77 81 82 72 25 13 4 22 43 44 21 38 33
30 45 101 42 44 27 56 124 36 24 41 111 55 49 33 54 43 21 35 46 50 29 26 60 52 51 23 72 57 58
31 25 22 116 5 66 69 37 65 109 23 28 35 29 59 13 32 15 103 20 61 39 38 4 105 8 68 26 53 113
32 23 35 20 29 26 9 105 124 101 64 13 17 80 109 12 81 28 72 50 38 25 59 126 31 37 53 33 8 15
33 41 44 42 36 45 21 43 46 24 49 59 101 27 35 60 58 57 52 38 23 10 54 53 32 55 15 109 17 29
34 28 21 42 85 24 43 31 66 45 25 65 22 101 20 116 67 126 29 60 113 35 58 111 15 69 37 13 90 41
35 32 23 29 20 26 72 9 101 13 15 38 124 17 33 28 52 31 59 41 81 57 86 21 45 109 12 25 54 49
36 46 33 56 44 42 49 43 57 30 124 41 21 50 27 54 52 24 45 60 58 10 59 55 101 53 109 26 35 119
37 116 25 69 65 31 22 29 28 23 20 66 32 5 67 35 103 61 68 94 105 109 126 8 39 15 101 114 17 59
38 54 52 59 13 57 15 53 17 23 55 60 56 35 49 50 109 51 58 33 32 90 110 26 20 10 29 31 100 86
39 22 5 66 103 116 25 69 65 68 31 104 4 114 112 67 37 113 126 8 61 78 28 92 34 109 0 85 108 82
40 106 97 71 84 83 73 7 88 63 74 1 18 125 16 27 76 123 95 91 96 111 24 115 70 14 119 43 117 47
41 33 44 45 42 109 21 35 23 24 111 101 46 43 36 59 30 27 32 58 94 50 52 17 124 90 54 13 86 38
42 24 43 45 33 27 41 21 44 30 58 101 49 36 111 51 60 52 57 54 46 35 34 90 15 53 55 29 17 72
43 24 21 45 27 42 33 60 36 41 111 101 90 49 29 35 58 30 57 34 55 20 124 52 44 46 54 15 51 53
44 41 33 42 101 30 21 45 59 36 111 23 46 55 35 54 29 109 27 32 38 49 24 94 124 52 26 86 43 102
45 43 21 30 27 42 24 33 41 101 44 35 49 111 58 55 124 36 60 29 59 20 23 57 109 15 46 56 54 26
46 36 33 117 119 121 10 120 41 72 122 44 124 57 42 58 101 56 26 49 35 76 30 52 60 54 11 50 45 38
47 70 123 14 98 83 74 71 48 125 73 95 18 63 115 16 106 97 6 96 84 7 111 76 88 102 99 56 94 49
48 14 47 125 63 70 71 74 73 6 123 83 102 18 98 95 84 96 97 7 106 99 115 76 88 32 23 44 10 78
49 60 57 58 54 52 55 53 51 56 59 50 33 38 15 42 109 36 24 45 35 21 43 30 46 13 32 10 44 120
50 52 56 58 54 53 57 60 124 59 49 51 109 17 38 55 26 32 13 36 64 120 121 41 35 110 33 10 30 23
51 53 49 55 60 58 54 57 50 52 24 38 42 59 56 33 32 30 35 124 27 43 111 65 17 45 117 41 15 36
52 54 57 60 49 59 50 38 58 56 53 55 51 13 10 15 109 17 64 120 35 33 11 42 86 36 32 26 121 23
53 51 49 60 57 54 50 58 52 55 59 38 56 17 109 32 33 24 124 15 42 13 26 35 36 121 31 72 120 10
54 52 57 60 49 38 59 58 55 50 56 53 51 15 120 109 64 23 33 26 10 42 35 17 36 116 13 44 20 124
55 49 51 57 54 59 60 53 58 52 38 50 56 33 44 45 30 42 35 24 32 36 109 26 23 43 15 46 13 94
56 50 52 54 49 57 36 58 60 38 53 59 30 13 124 55 109 35 46 26 64 17 33 27 51 45 10 32 21 72
57 54 52 49 60 58 53 55 50 59 51 38 56 120 33 35 10 36 64 42 119 46 15 32 13 121 109 117 24 20
58 60 49 57 52 54 50 51 53 55 56 59 42 33 109 38 120 13 17 46 45 119 35 41 43 36 90 86 117 24
59 52 54 38 55 109 57 60 53 49 50 33 58 56 13 44 15 69 35 23 31 51 32 17 41 26 116 25 67 66
60 58 49 54 57 52 53 51 55 59 50 38 56 15 33 43 42 13 109 24 10 35 21 65 45 36 120 46 119 25
61 28 101 116 105 20 25 23 31 22 29 37 35 32 69 109 4 126 26 81 66 103 104 65 124 68 77 112 82 8
62 112 114 92 0 3 107 61 75 28 108 93 34 1 8 39 2 79 4 37 94 113 82 12 9 116 104 103 85 101
63 74 106 71 18 96 73 83 84 95 48 123 70 98 125 97 14 7 47 76 16 40 6 115 102 118 88 117 100 111
64 32 52 26 54 57 20 105 35 29 81 13 50 38 56 118 100 99 23 116 8 53 49 59 124 60 58 25 31 10
65 69 68 67 66 116 37 22 31 25 4 39 23 5 60 59 13 38 29 105 54 108 28 15 32 34 57 51 109 53
66 69 22 116 67 65 31 25 39 68 5 4 37 103 126 59 109 15 28 34 29 23 105 13 54 61 38 108 104 57
67 69 66 65 68 116 59 37 25 31 5 53 4 105 39 29 109 13 22 34 60 23 49 28 54 57 52 61 17 43
68 65 69 67 66 116 25 22 39 104 105 31 37 4 5 23 54 103 8 13 59 28 38 61 60 53 108 52 32 126
69 66 65 67 68 116 22 25 37 5 31 39 59 109 23 4 103 13 28 38 29 105 61 54 15 17 60 20 57 32
70 47 98 14 123 115 16 48 83 63 106 74 71 84 125 73 95 97 18 91 96 6 117 40 111 7 88 30 99 94
71 97 106 83 74 123 73 125 18 40 63 47 95 14 7 96 48 84 70 115 98 16 1 88 6 76 102 27 111 44
72 9 81 35 77 26 101 124 32 75 80 86 46 29 79 12 105 15 23 33 42 111 82 20 38 21 53 13 30 17
73 74 83 123 71 97 125 18 14 106 84 63 7 96 47 95 88 48 40 6 98 70 102 16 76 91 115 117 10 119
74 63 71 83 73 123 96 95 14 18 125 106 47 97 84 7 88 48 70 6 98 40 16 76 115 102 120 117 100 11
75 9 72 79 82 12 29 35 42 17 108 101 41 113 23 86 81 28 77 33 20 80 37 78 45 26 34 116 44 61
76 88 7 102 120 10 121 11 119 117 122 46 52 53 54 50 49 36 63 124 111 44 55 71 51 57 118 38 95 123
77 80 9 26 105 72 124 20 12 82 81 79 29 101 23 8 35 90 111 92 38 42 15 32 78 104 21 0 13 108
78 22 8 80 9 82 25 116 79 108 77 31 105 92 113 12 32 124 23 81 0 39 111 103 5 26 29 93 28 75
79 9 80 12 26 77 81 72 0 28 8 101 20 75 82 32 92 93 124 78 108 35 23 105 29 25 61 31 41 111
80 9 77 12 81 82 124 79 32 20 23 8 29 72 92 78 26 0 105 108 35 101 111 38 93 13 116 103 25 37
81 72 82 80 9 20 8 32 124 77 35 23 26 29 105 79 64 92 12 38 0 61 30 53 101 50 57 104 54 103
82 81 80 12 9 20 77 29 124 35 108 26 8 23 105 32 79 78 72 75 22 31 0 93 28 4 113 25 86 116
83 123 71 74 73 106 125 47 18 14 63 95 97 7 98 70 96 16 48 88 40 6 115 84 76 102 120 91 117 119
84 74 73 106 63 95 97 7 40 16 71 18 96 6 14 70 125 88 117 83 115 48 91 123 47 98 119 11 76 102
85 34 90 42 17 58 113 94 15 21 101 43 109 22 116 60 66 111 65 93 13 57 20 23 38 114 25 49 75 28
86 15 26 35 52 72 101 29 10 38 13 111 33 94 58 120 44 117 41 124 32 23 42 57 90 59 17 53 9 49
87 89 106 97 21 119 91 33 40 84 88 76 71 59 101 27 45 30 19 7 117 10 44 102 16 83 41 122 36 49
88 7 76 121 120 119 10 11 122 117 102 74 73 106 96 123 83 71 95 84 125 14 40 18 97 46 16 63 51 52
89 87 106 7 88 40 97 84 71 19 59 11 18 124 102 73 36 55 74 125 95 76 83 26 48 41 44 121 35 50
90 94 21 38 43 42 101 111 58 33 110 41 52 77 15 27 85 86 117 17 60 13 55 124 45 57 72 50 26 35
91 117 119 10 46 100 45 33 84 41 122 21 30 102 44 115 24 70 58 120 76 7 60 53 73 94 106 57 88 111
92 0 8 9 80 108 103 104 81 79 77 112 12 72 93 105 116 78 107 31 32 114 111 25 101 4 22 61 28 82
93 79 0 82 8 12 92 80 81 124 9 101 105 111 20 78 32 103 72 85 28 108 107 116 25 61 31 26 77 110
94 90 15 17 23 41 44 86 38 37 55 42 33 31 22 21 58 109 49 52 13 25 45 5 59 101 116 60 111 43
95 125 18 74 7 71 123 83 14 98 102 84 63 73 96 47 106 6 88 97 48 100 117 76 70 11 16 40 41 115
96 74 63 73 14 71 7 95 83 123 88 84 18 125 106 48 97 47 118 76 40 5 70 6 102 98 120 16 122 22
97 106 71 40 73 74 83 84 1 63 18 123 125 7 95 47 96 14 88 48 76 70 44 36 21 27 98 111 91 16
98 70 47 125 18 123 115 16 95 83 63 106 14 71 48 117 73 74 102 6 101 7 111 97 84 109 99 91 30 96
99 57 64 102 119 35 58 101 54 29 32 23 33 86 49 111 17 9 120 109 44 117 126 42 41 52 36 20 124 12
100 11 38 119 52 64 59 118 44 10 86 91 120 46 41 111 26 32 53 101 95 50 124 54 30 23 76 117 102 121
101 111 26 124 35 21 32 30 44 23 29 33 45 20 72 42 28 27 61 105 126 41 9 77 86 43 12 46 79 24
102 11 76 10 7 88 95 120 117 99 119 44 46 38 121 48 52 124 33 55 41 122 18 86 23 36 49 32 101 63
103 39 22 104 116 8 66 25 31 4 92 69 5 37 12 29 0 61 68 81 20 65 28 114 113 80 82 35 32 64
104 103 4 8 68 20 22 0 92 39 105 28 116 31 32 25 101 77 81 61 66 37 35 65 69 113 29 64 126 23
105 8 26 32 77 108 23 28 20 25 116 101 9 29 124 81 61 68 35 64 80 0 82 31 72 104 69 13 65 38
106 97 71 40 83 74 63 73 84 7 18 123 70 125 95 16 88 98 1 115 96 47 14 76 48 117 91 102 6 87
107 112 92 0 93 80 8 39 62 79 104 114 9 78 1 77 61 108 82 111 25 68 116 103 28 22 2 75 81 65
108 116 105 4 0 92 8 82 80 12 124 101 22 23 65 111 26 78 31 79 9 66 75 32 25 77 37 29 81 69
109 59 13 17 50 41 15 22 32 116 52 31 25 49 58 38 23 54 29 35 69 56 53 60 5 33 57 66 44 55
110 38 26 17 50 90 52 32 23 13 59 57 20 86 58 15 54 105 55 77 9 41 35 56 53 109 124 29 51 101
111 101 124 44 42 41 27 43 26 45 35 30 24 21 33 23 86 32 90 72 9 77 105 1 108 51 29 80 50 46
112 62 39 114 92 0 107 61 4 104 22 116 1 28 8 25 126 113 103 2 78 93 31 66 82 37 68 5 108 79
113 31 116 22 4 101 39 82 25 5 105 34 111 103 78 104 85 75 66 108 126 81 69 72 79 35 26 23 29 28
114 8 39 112 22 25 37 103 116 0 92 68 31 66 94 12 62 23 108 85 69 104 105 28 61 65 126 93 82 80
115 16 98 70 123 117 83 71 47 106 84 63 125 91 74 48 73 95 120 101 18 40 14 90 97 7 111 30 6 35
116 25 22 31 69 66 37 5 65 108 39 68 109 28 4 105 61 8 103 23 67 15 54 59 126 29 32 0 52 78
117 120 121 119 7 46 10 88 122 76 91 57 102 101 33 58 54 115 86 16 52 124 90 72 60 35 11 38 53 51
118 122 64 54 121 101 100 116 52 23 105 59 32 8 120 25 29 26 76 57 38 20 31 63 37 10 69 35 44 12
119 10 120 121 122 88 117 46 7 76 11 57 91 58 100 52 60 33 99 36 102 54 27 41 49 53 59 86 50 21
120 121 117 119 10 7 88 122 76 57 46 52 54 11 58 102 50 35 32 60 38 49 86 59 53 33 124 36 56 26
121 120 117 122 88 119 10 76 46 11 7 57 52 50 54 53 26 118 9 124 102 60 36 38 32 59 49 35 72 33
122 121 119 120 10 11 88 117 46 7 118 76 57 52 102 26 50 54 36 9 35 91 32 49 56 64 72 59 58 12
123 83 47 125 71 74 73 18 14 98 70 95 16 115 63 6 106 7 96 48 88 97 120 76 84 117 40 10 49 102
124 26 101 50 111 32 80 20 35 23 81 77 9 72 29 12 30 27 56 105 36 46 82 53 45 54 38 52 44 57
125 18 123 95 83 73 71 74 98 48 47 6 14 7 106 63 97 84 96 70 88 16 102 115 40 10 117 76 120 119
126 101 32 28 35 116 66 20 29 25 22 26 23 61 4 105 37 31 34 5 69 12 65 64 39 109 54 21 104 113
