0 107 19 96 125 118 87 115 52 105 18 6 116 38 99 23 84 92 98 62 22 48 74 108 73 95 3 63 5 49
1 108 101 40 52 27 21 55 115 73 99 94 95 48 68 57 118 36 49 51 42 105 10 6 64 116 59 53 30 56
2 112 3 10 1 27 123 6 124 21 111 48 42 99 95 62 36 4 72 118 30 96 115 101 71 97 46 73 100 84
3 8 105 96 108 1 118 52 99 0 115 116 48 2 84 6 19 95 98 10 87 81 4 92 5 107 49 123 51 125
4 69 52 67 66 56 34 59 92 116 105 49 65 29 64 94 115 114 25 99 57 51 39 53 101 96 50 55 63 108
5 87 49 53 51 105 52 108 118 57 96 56 68 101 58 94 95 107 125 116 40 1 59 18 38 23 22 115 65 25
6 118 99 10 96 48 125 52 95 115 84 107 73 74 7 108 1 83 87 98 19 51 123 18 119 92 97 117 63 102
7 99 98 125 48 96 91 118 73 119 10 84 52 18 6 120 51 102 115 74 11 16 88 122 57 59 69 76 34 70
8 107 92 56 3 52 84 108 96 118 10 53 116 5 49 57 104 123 1 58 38 18 105 59 29 125 19 99 4 115
9 81 77 113 80 75 78 82 79 12 31 104 28 37 20 93 103 110 89 3 35 107 26 0 8 61 13 38 106 119
10 84 118 96 18 6 48 125 99 95 73 98 123 52 122 7 92 16 115 97 102 11 119 63 1 51 106 14 74 107
11 14 121 47 16 102 106 71 76 123 117 88 18 70 122 63 99 120 10 84 96 66 59 91 7 124 118 108 105 23
12 75 78 80 79 38 9 77 104 18 82 37 61 35 5 20 96 118 89 107 81 106 16 125 8 10 0 113 88 121
13 17 33 85 43 41 45 24 44 37 15 90 28 86 31 110 61 126 38 68 113 50 80 65 109 53 56 39 5 57
14 16 102 47 11 76 88 71 70 18 120 106 125 121 122 123 10 84 23 117 69 73 109 96 63 99 118 100 66 7
15 17 109 86 13 54 60 53 50 85 38 33 41 49 56 58 65 45 59 69 43 57 25 24 66 37 44 34 67 5
16 102 14 76 47 121 11 71 88 106 120 18 123 70 84 10 63 122 99 7 100 96 118 117 109 59 125 66 94 29
17 13 85 33 15 43 41 45 44 37 24 86 90 28 31 65 53 126 109 50 25 56 22 38 60 57 20 59 58 66
18 96 84 118 10 125 16 106 71 88 14 122 52 11 48 123 115 7 98 63 99 73 47 38 6 102 107 92 49 100
19 52 87 108 96 0 51 118 34 56 99 49 69 98 6 115 116 95 48 53 59 92 73 55 65 4 57 105 107 125
20 80 38 79 77 106 23 75 61 104 78 14 18 28 12 88 82 8 17 31 9 37 107 81 25 71 5 117 121 96
21 27 40 30 42 36 101 1 111 94 46 68 67 65 64 99 124 55 108 39 66 74 73 95 50 69 48 51 102 115
22 66 56 69 34 64 67 65 57 53 59 68 116 109 58 49 101 94 60 86 50 52 25 39 102 40 54 51 55 108
23 14 66 92 25 96 11 22 71 105 18 125 116 117 29 5 118 52 88 4 0 20 122 56 16 26 102 67 69 121
24 45 41 44 33 43 85 90 13 17 111 86 46 15 28 54 42 31 37 109 39 30 50 94 36 40 126 22 60 47
25 66 69 56 65 67 57 60 68 53 49 32 59 34 52 64 39 105 58 109 55 116 22 4 50 29 94 23 86 83
26 104 38 5 23 61 108 16 75 14 28 0 81 102 118 49 100 96 103 19 106 79 105 29 15 83 35 18 47 87
27 21 42 40 36 30 101 1 94 46 111 68 124 55 39 99 123 65 64 108 66 67 117 71 11 60 48 74 83 95
28 31 113 37 13 17 41 44 81 33 15 80 75 5 77 104 24 9 61 20 90 79 110 26 85 38 45 43 103 106
29 4 94 66 25 52 53 123 92 49 56 23 10 60 67 69 116 32 16 22 99 114 18 96 105 118 72 59 107 8
30 42 21 27 40 36 101 46 124 111 68 1 94 39 11 54 59 50 67 66 108 117 65 99 95 55 14 57 60 86
31 28 37 77 81 17 9 13 79 113 20 80 90 24 41 44 5 85 15 33 104 75 26 12 61 43 103 78 82 106
32 25 56 83 18 52 92 87 65 29 4 116 34 64 49 69 66 59 109 102 58 71 16 57 105 96 86 100 94 53
33 45 41 44 24 43 85 90 13 17 111 15 86 28 37 46 42 30 54 109 31 50 21 39 126 94 22 40 68 102
34 67 64 52 51 65 56 50 69 66 49 59 57 116 101 53 109 68 58 55 39 60 108 22 54 4 86 115 98 25
35 12 16 61 75 32 37 100 104 78 120 97 102 121 76 26 18 47 28 38 71 79 5 119 15 80 7 29 14 122
36 27 21 42 40 30 46 94 101 111 1 68 64 55 67 120 124 65 60 102 50 39 123 57 54 99 66 109 117 69
37 13 17 28 31 85 90 79 41 15 61 43 33 75 82 12 78 38 9 45 113 44 35 20 80 24 119 7 81 104
38 18 15 105 53 108 96 12 56 118 5 52 26 104 49 57 51 20 61 25 0 58 79 8 19 69 125 92 59 7
39 68 64 66 34 50 67 69 65 56 116 109 53 94 86 60 54 40 59 58 55 57 25 27 52 22 101 49 4 51
40 27 21 42 36 101 1 68 30 94 65 55 108 64 60 95 39 46 74 51 57 67 49 73 69 109 52 66 124 59
41 45 44 24 33 43 90 85 13 17 15 86 111 28 37 54 46 109 50 31 42 39 30 110 126 36 21 40 68 94
42 30 27 21 40 36 46 111 101 1 68 60 55 94 124 39 54 57 14 109 11 95 43 67 70 123 66 59 108 74
43 41 33 85 44 45 24 90 13 17 111 86 15 37 42 50 109 30 39 54 36 40 46 21 28 27 126 65 76 68
44 41 45 24 33 43 90 85 13 17 111 28 15 86 46 42 30 37 36 31 21 54 50 40 109 39 27 22 126 76
45 24 41 33 44 85 43 90 13 17 111 86 15 46 54 109 30 37 39 28 42 50 68 94 21 36 22 126 64 47
46 111 42 36 21 27 30 94 40 60 54 67 24 71 124 39 117 44 86 101 45 102 14 50 63 33 66 68 109 1
47 16 14 76 11 102 70 71 121 88 120 106 18 123 63 100 109 54 122 84 117 111 60 25 86 83 68 32 27 10
48 118 99 96 125 73 52 98 84 74 51 10 6 95 115 123 7 108 1 18 101 62 107 55 91 83 105 87 92 63
49 53 56 58 59 52 60 51 34 50 55 64 68 109 57 54 101 67 108 65 69 86 116 66 74 98 22 96 4 1
50 109 54 59 86 64 53 34 60 67 56 49 58 68 65 57 55 69 39 66 52 101 51 94 116 22 108 15 25 40
51 52 34 49 101 55 48 53 64 67 96 59 108 98 56 57 65 73 118 116 95 125 50 68 69 74 99 92 115 58
52 51 34 108 49 56 96 48 118 116 101 57 64 55 115 59 69 67 1 125 99 53 4 92 87 73 19 65 98 66
53 58 56 59 49 60 54 64 50 68 109 57 86 55 34 51 67 52 65 108 101 69 116 66 39 22 25 94 5 15
54 50 109 60 58 53 86 59 49 64 68 56 55 67 34 57 65 39 15 69 101 66 51 40 94 22 52 108 42 116
55 56 57 59 49 68 53 51 64 52 60 101 109 67 34 50 65 54 1 40 58 66 98 69 108 99 73 39 48 91
56 57 53 59 49 58 55 34 64 52 50 60 109 67 65 68 66 69 116 54 86 22 51 25 39 4 108 101 92 94
57 56 59 55 53 34 65 67 52 64 68 58 49 50 66 69 109 101 60 108 116 51 54 22 1 25 86 39 40 122
58 53 56 54 60 49 59 68 64 109 50 57 86 34 67 55 65 52 69 66 22 39 116 101 51 108 25 40 5 1
59 57 53 56 50 49 58 60 109 34 67 55 68 64 65 54 52 51 101 66 86 69 108 116 4 22 39 25 1 11
60 54 109 53 58 50 59 49 56 55 57 86 67 34 64 68 69 65 108 66 40 39 25 101 52 51 94 22 15 116
61 104 108 38 5 37 26 57 20 102 106 28 105 12 122 117 35 103 53 118 96 121 11 10 87 16 83 71 13 18
62 107 48 52 96 72 118 125 73 99 92 6 98 84 10 115 89 51 87 95 0 108 49 29 56 57 123 19 74 101
63 99 118 74 117 115 121 84 11 83 16 96 10 123 100 18 124 97 95 48 98 73 14 4 6 102 94 60 55 47
64 65 68 34 67 53 50 56 66 69 58 59 57 49 55 52 116 109 39 51 54 86 94 101 60 22 40 108 25 4
65 64 67 69 34 66 68 56 57 50 59 55 109 52 49 53 51 40 39 116 58 60 25 22 86 108 101 54 21 4
66 67 69 116 65 34 64 56 57 22 39 68 59 25 52 50 4 55 109 53 49 105 101 60 94 58 86 51 108 92
67 69 66 34 65 64 50 59 56 57 116 109 68 49 52 51 55 53 101 58 60 4 39 54 86 22 25 94 21 108
68 64 53 65 58 55 56 59 49 57 50 67 109 86 101 34 39 69 54 40 66 94 60 116 52 1 51 22 27 25
69 67 66 65 34 64 56 4 57 116 52 68 109 50 59 49 94 39 22 60 25 53 55 86 58 51 108 101 54 105
70 76 14 47 11 16 102 120 122 71 109 7 121 88 83 100 99 60 69 63 15 25 42 27 55 66 65 54 59 91
71 16 14 88 18 11 47 84 120 102 76 122 106 121 70 117 100 96 123 10 118 125 27 83 23 115 63 25 48 97
72 62 10 118 116 117 101 115 96 6 1 52 125 107 95 29 98 92 99 48 63 73 84 49 87 108 11 57 71 105
73 48 125 118 98 96 99 115 95 52 51 10 74 1 108 101 84 7 123 55 92 6 40 18 49 57 34 91 63 107
74 99 48 118 83 73 123 63 100 52 91 49 98 96 51 97 125 84 40 115 6 94 55 108 95 7 10 1 65 101
75 80 79 12 9 78 77 82 113 20 81 37 28 26 104 35 38 18 106 3 121 23 31 119 103 97 61 0 5 16
76 16 47 70 14 102 11 71 120 88 7 121 18 10 63 109 122 84 106 119 15 123 117 100 59 66 60 65 69 4
77 9 81 80 113 82 79 75 78 12 31 20 104 28 103 93 3 107 110 37 26 38 35 106 8 0 61 121 18 13
78 80 12 113 9 75 82 77 79 20 37 81 104 35 119 121 61 28 38 18 31 88 106 16 97 122 8 102 100 47
79 75 80 77 9 12 82 81 37 20 38 78 28 31 104 18 26 113 0 121 15 103 16 35 88 106 96 5 23 17
80 75 77 78 9 82 12 113 79 104 81 20 28 38 31 37 106 103 119 35 3 18 89 61 13 110 97 23 107 0
81 9 77 113 79 80 104 31 28 75 93 82 103 78 3 26 107 8 20 12 37 110 61 89 0 38 106 62 88 71
82 80 77 9 79 78 75 113 12 81 37 20 104 106 28 121 47 18 31 16 3 76 110 103 13 97 23 14 122 38
83 74 97 117 100 118 99 63 94 6 120 48 40 69 52 108 115 10 66 125 102 87 96 65 121 25 32 71 11 123
84 18 96 118 10 48 125 123 99 52 98 106 71 73 88 16 7 6 51 74 63 115 122 11 91 95 14 49 55 107
85 41 43 33 45 90 24 44 13 17 15 86 37 111 109 50 28 39 65 110 31 126 54 68 64 42 22 69 25 40
86 109 50 54 53 68 58 56 60 64 59 49 67 15 34 69 39 65 94 57 66 22 55 45 116 24 17 25 41 85
87 52 19 107 108 92 125 96 118 5 51 105 115 98 6 48 49 69 116 0 56 99 73 57 83 34 18 95 74 53
88 16 106 14 123 121 71 18 11 84 125 120 47 96 118 102 122 7 76 100 10 99 70 48 63 117 23 91 105 6
89 62 104 96 107 48 93 12 38 118 0 84 125 106 18 10 7 16 80 72 9 73 103 26 52 8 81 51 71 61
90 41 85 45 44 24 33 43 13 17 37 111 86 28 15 31 36 50 46 42 109 54 126 39 27 21 40 30 64 120
91 7 98 74 122 125 55 52 84 48 51 99 65 11 49 56 73 66 69 67 68 64 57 123 97 59 10 96 115 34
92 52 116 87 4 96 98 10 118 125 51 95 108 73 56 115 57 107 49 66 69 34 48 67 6 23 101 105 8 122
93 103 81 104 106 89 8 77 9 107 123 2 113 84 0 75 79 121 3 80 20 28 96 72 11 31 16 62 12 102
94 68 64 69 40 27 101 36 1 21 39 67 66 86 50 22 46 102 53 60 56 109 83 117 108 65 34 74 116 52
95 118 115 98 73 48 52 10 51 101 6 96 99 1 108 125 40 92 55 105 84 74 63 116 57 34 68 19 97 18
96 118 18 84 48 125 52 10 73 6 51 99 115 123 107 7 98 95 92 106 74 122 108 87 19 49 88 63 56 62
97 83 118 74 10 125 63 100 117 6 48 95 120 91 96 84 119 123 52 115 121 122 71 18 99 66 14 73 69 16
98 73 48 115 125 99 95 118 52 7 51 84 10 96 55 91 49 74 92 101 34 18 87 116 6 19 119 123 108 63
99 48 74 6 118 123 73 98 52 96 7 125 84 10 115 63 108 1 95 101 55 51 102 83 11 105 49 116 107 18
100 121 74 83 120 123 63 102 122 118 106 71 97 16 18 99 88 14 96 40 70 47 6 117 10 48 11 94 111 7
101 51 1 52 108 21 34 27 40 55 49 68 57 67 59 116 64 30 94 53 95 50 42 73 115 66 56 99 69 48
102 16 14 47 76 11 106 120 117 71 70 121 99 94 10 122 100 123 88 7 109 18 22 66 83 84 111 63 65 59
103 104 93 81 113 8 61 106 77 26 28 80 107 110 9 38 75 20 114 79 58 121 31 53 29 89 84 96 18 62
104 103 106 26 61 80 81 38 8 12 18 77 20 113 9 28 16 121 89 32 29 93 75 79 0 14 47 96 88 35
105 108 116 52 66 115 4 101 51 99 1 87 5 118 65 95 25 69 53 48 57 68 107 59 56 67 114 125 64 49
106 123 88 16 121 18 11 102 84 96 14 71 118 47 10 100 125 99 120 122 104 48 6 63 117 20 73 76 83 7
107 87 125 96 62 52 118 0 48 6 99 92 8 105 10 73 18 115 84 19 5 51 108 116 95 72 49 56 7 83
108 52 1 101 49 105 57 51 118 115 59 34 53 87 99 40 73 48 55 60 95 56 69 65 19 116 64 96 68 58
109 50 54 86 60 59 53 56 58 49 67 68 34 57 64 55 69 65 15 66 39 22 52 108 101 51 116 94 25 40
110 28 13 85 104 103 113 26 41 77 9 81 17 38 15 80 33 24 31 90 45 79 82 75 37 32 126 44 5 49
111 46 21 42 27 36 44 30 33 45 24 40 43 102 94 41 124 90 100 117 123 47 39 14 85 106 1 112 66 63
112 63 2 99 100 73 92 111 36 124 4 27 10 1 115 74 30 46 21 123 95 48 97 105 14 98 114 29 0 42
113 9 81 78 77 80 28 75 82 104 103 37 31 79 12 110 61 13 20 106 26 33 93 41 90 24 3 35 44 100
114 4 105 66 67 116 92 69 94 39 29 117 52 50 60 59 115 108 109 68 58 101 63 99 56 118 53 34 49 8
115 118 98 52 95 73 125 48 96 108 99 1 116 101 105 6 51 63 18 34 10 74 92 55 84 87 117 66 7 67
116 66 52 34 67 64 69 56 101 105 57 59 51 65 49 92 39 68 53 115 22 108 4 50 58 109 55 99 118 125
117 83 11 102 63 118 121 94 124 115 66 71 14 10 97 6 108 16 1 27 122 99 72 84 105 96 23 39 125 60
118 96 125 48 84 115 10 6 73 52 18 99 95 98 74 108 123 51 63 97 7 83 107 1 92 87 117 88 101 116
119 7 125 10 98 6 118 102 97 84 73 95 91 99 122 48 74 14 18 96 76 120 66 83 16 65 69 115 34 92
120 16 102 14 71 76 88 100 70 47 11 7 83 121 106 36 97 122 69 123 18 117 118 65 57 125 66 74 10 94
121 11 16 88 106 100 123 47 102 63 14 117 71 122 120 83 76 99 70 18 10 97 118 84 7 96 23 104 74 125
122 18 125 10 11 96 71 91 14 102 84 57 100 70 88 121 16 7 118 56 123 92 106 117 73 120 55 48 52 6
123 106 99 84 88 48 118 96 10 16 11 74 125 18 121 73 100 63 102 55 14 27 98 6 122 71 49 52 91 1
124 27 30 117 63 40 11 101 21 36 39 116 1 115 42 66 98 64 99 65 111 68 34 60 94 108 105 46 59 95
125 118 48 96 73 84 98 10 52 115 6 18 99 107 7 51 95 123 122 87 88 92 14 74 119 91 97 108 116 62
126 40 83 39 15 53 55 27 21 1 17 60 42 68 124 65 25 51 30 117 64 108 57 50 58 59 105 56 38 100
