0 93 114 104 113 92 4 25 5 112 61 32 72 108 39 28 8 22 107 2 116 105 109 66 31 19 68 103 15 85
1 111 28 81 9 23 82 35 34 36 20 79 126 26 75 29 78 31 77 21 94 37 101 33 24 12 105 8 124 27
2 0 112 107 62 104 72 114 4 89 81 12 8 113 92 77 79 93 5 19 9 15 103 75 82 105 108 78 87 61
3 109 40 59 125 85 80 70 36 117 126 13 11 91 50 72 98 15 123 110 88 63 46 60 68 20 82 17 100 21
4 104 114 113 61 32 25 93 0 112 92 22 5 31 103 105 8 37 39 126 28 68 77 69 101 15 56 72 109 116
5 109 17 116 114 38 86 104 37 57 25 53 13 0 15 93 58 4 54 22 50 69 59 28 66 64 30 112 60 51
6 73 7 84 115 11 117 48 63 122 10 118 106 99 83 123 74 16 120 98 97 91 96 121 76 71 70 18 119 47
7 73 10 6 122 11 97 118 48 83 91 123 16 125 115 99 106 96 63 88 47 70 74 84 120 117 71 121 54 14
8 101 104 31 28 111 108 1 25 94 77 78 75 40 82 105 126 37 9 113 81 114 4 68 79 103 45 39 35 61
9 81 79 82 77 12 78 75 1 80 28 20 29 89 35 103 111 23 37 26 8 38 13 27 94 40 31 6 45 15
10 122 16 119 7 11 118 71 121 99 88 73 123 83 76 91 47 106 120 6 97 70 96 100 117 84 18 125 57 63
11 91 83 16 70 118 122 123 100 10 88 47 99 71 7 120 97 125 73 6 117 63 50 54 58 119 49 106 121 96
12 81 77 9 75 79 82 78 35 20 89 1 29 80 107 92 103 124 94 23 126 28 84 27 26 37 48 105 8 111
13 38 59 17 54 15 109 86 50 57 51 53 125 60 58 49 37 91 55 123 20 35 83 70 11 47 56 100 68 28
14 106 120 123 115 7 91 73 97 27 96 49 50 122 95 11 83 125 118 6 48 63 54 59 10 57 43 70 13 94
15 59 38 13 17 109 54 50 57 58 86 110 51 37 56 60 125 85 53 49 70 30 21 26 55 20 28 5 123 11
16 11 10 100 70 83 91 88 122 99 118 123 71 47 121 119 7 73 120 54 6 117 106 51 58 76 97 55 98 50
17 86 38 109 13 50 53 59 54 15 60 57 58 37 51 116 110 30 5 47 35 66 41 56 55 23 70 64 26 49
18 99 115 47 73 71 6 52 10 100 76 11 122 48 16 119 106 96 7 118 27 120 97 70 121 125 84 83 95 117
19 93 92 108 72 87 107 0 82 12 8 1 81 89 79 75 27 112 90 111 62 124 84 101 99 48 113 76 44 94
20 29 35 23 26 28 126 38 37 105 13 34 86 116 60 54 50 17 80 124 59 33 57 1 41 22 66 12 15 75
21 24 41 30 33 45 42 124 34 46 26 36 44 111 101 43 54 29 50 67 60 49 125 51 37 40 85 86 116 35
22 25 37 66 28 116 67 31 65 114 69 61 64 34 53 29 38 20 39 60 17 68 23 109 4 32 104 57 35 5
23 26 35 29 20 28 116 65 66 37 126 17 41 1 38 44 30 86 34 25 69 64 105 24 57 54 22 51 42 33
24 33 30 21 41 42 44 34 86 43 124 51 46 26 111 45 116 60 36 50 17 53 67 55 37 38 35 57 29 54
25 22 37 31 104 39 114 4 66 28 32 68 61 64 34 116 113 69 26 93 105 29 67 23 5 0 38 35 65 60
26 35 23 29 20 126 41 24 21 37 30 33 54 25 17 116 38 34 28 86 105 124 51 13 50 60 1 36 15 109
27 106 120 115 14 95 52 18 6 73 97 7 122 118 10 94 84 11 1 45 21 96 48 111 42 99 47 91 24 88
28 37 20 23 29 22 34 116 35 126 31 25 105 1 111 66 68 64 101 67 38 54 65 26 39 13 69 86 61 17
29 20 23 26 35 28 37 126 65 105 77 116 66 21 34 69 25 41 22 30 67 86 17 45 75 54 64 82 38 124
30 24 42 33 41 21 44 86 43 60 36 46 17 34 54 26 50 51 38 58 109 57 53 116 37 124 23 49 47 29
31 37 25 68 67 101 22 28 34 64 69 65 66 61 45 1 94 114 8 56 54 116 4 49 75 39 23 29 79 82
32 61 113 4 114 25 104 93 22 20 126 31 35 28 37 29 0 26 23 52 92 5 109 34 64 8 116 68 50 39
33 24 41 30 42 21 43 44 46 86 34 111 36 40 124 26 116 60 101 20 57 64 51 53 94 50 29 17 54 47
34 37 111 116 28 24 67 21 33 64 101 30 41 31 40 54 25 60 50 68 22 20 94 86 26 29 49 66 23 1
35 26 23 20 29 105 126 28 37 38 17 50 80 54 86 13 41 1 124 53 60 51 34 12 56 57 24 21 109 25
36 46 41 44 30 42 33 21 43 86 24 88 111 1 71 126 26 11 124 51 45 94 7 73 54 60 101 53 35 125
37 28 34 31 25 116 17 22 54 64 67 38 69 29 56 60 35 66 20 109 126 26 65 50 68 15 23 57 13 101
38 17 13 59 54 86 60 15 109 50 53 58 57 37 56 51 20 68 49 64 35 55 30 66 70 28 116 26 5 23
39 25 69 66 64 67 37 28 68 116 126 22 65 105 23 31 34 104 56 20 54 114 60 101 17 26 29 108 38 4
40 94 33 34 60 85 101 43 111 68 21 45 42 30 24 41 54 125 49 64 31 8 44 86 90 26 126 70 1 47
41 33 24 30 21 44 42 46 36 43 124 86 26 34 51 60 17 101 54 57 49 23 53 37 116 50 29 35 111 73
42 44 30 33 41 24 43 46 21 36 86 57 55 51 47 66 60 65 40 111 116 34 53 29 94 23 45 50 37 17
43 42 33 30 41 24 44 46 57 36 60 53 86 21 51 54 94 40 47 88 65 63 49 117 26 45 50 35 11 10
44 42 41 46 30 33 24 36 43 21 86 57 47 23 108 71 116 37 124 34 60 66 58 94 55 111 53 65 51 29
45 21 24 49 94 67 54 34 99 51 7 29 115 40 52 47 46 31 36 73 57 101 37 42 30 124 26 43 56 111
46 36 41 44 42 33 30 21 24 43 111 86 53 88 124 71 126 101 94 29 45 73 11 51 34 97 26 7 65 6
47 99 11 88 100 16 70 71 97 10 83 91 118 122 7 73 125 18 123 84 48 120 119 86 6 54 63 58 55 57
48 115 73 7 6 99 11 83 97 47 102 63 117 84 10 100 74 16 91 18 122 118 95 123 98 120 70 88 94 14
49 54 57 51 91 83 58 118 56 60 59 11 70 50 123 120 63 38 55 125 13 6 16 53 45 109 7 100 122 37
50 58 59 57 17 53 109 54 38 60 11 13 56 86 52 49 70 15 100 91 51 125 123 55 16 83 37 30 35 47
51 55 54 49 70 100 60 17 109 53 125 57 38 13 16 50 86 59 24 58 11 41 30 15 91 37 123 56 63 118
52 58 56 50 11 55 54 95 57 83 115 99 18 53 91 47 59 118 109 16 49 123 73 70 6 117 122 7 10 120
53 17 50 59 38 57 54 58 60 86 55 51 109 13 11 49 52 83 43 47 70 56 125 30 16 41 91 46 24 15
54 60 49 56 58 83 57 38 59 91 51 13 17 70 123 50 53 118 11 15 86 109 37 63 125 16 122 68 52 7
55 51 70 57 100 53 11 52 16 50 109 47 125 49 58 54 59 13 17 38 60 97 91 42 83 71 99 123 56 24
56 54 58 57 50 49 52 123 60 38 37 59 118 91 83 70 97 109 11 15 17 125 53 16 73 51 13 95 55 122
57 58 50 54 49 86 59 56 17 60 53 109 55 38 51 11 13 70 91 15 52 83 47 43 123 10 37 16 100 97
58 57 50 54 59 56 52 60 17 49 53 38 11 109 86 16 91 70 83 15 88 51 47 13 55 123 37 30 71 118
59 38 50 109 58 13 15 54 17 53 57 60 49 11 56 51 91 86 123 125 55 83 52 37 70 100 16 118 20 30
60 54 38 17 57 58 59 50 53 51 49 86 91 109 56 30 37 11 70 123 83 64 125 13 118 100 67 65 41 15
61 32 113 4 114 104 25 22 28 31 126 93 37 29 103 20 92 0 68 105 8 66 39 78 101 34 116 64 112 77
62 87 2 19 72 107 112 92 90 31 108 93 119 110 86 121 104 34 109 9 94 0 114 13 5 63 99 102 111 76
63 91 83 117 84 6 11 125 7 54 123 115 73 98 70 100 118 48 49 47 16 122 88 10 50 60 51 57 52 86
64 65 69 67 66 68 37 116 60 34 38 31 25 54 22 28 39 17 50 57 53 86 33 30 29 56 23 58 49 24
65 64 66 67 69 116 68 23 37 22 60 29 57 28 54 31 38 17 53 34 86 41 42 43 39 30 33 25 101 44
66 65 69 64 67 68 116 22 25 37 39 23 17 28 60 38 29 86 31 34 42 57 109 53 54 20 30 44 51 41
67 64 65 69 66 37 116 68 34 31 22 60 28 39 54 25 21 38 45 24 17 50 29 53 41 23 86 30 101 109
68 64 66 65 69 67 31 54 38 94 37 25 60 28 34 13 39 40 49 126 101 56 22 50 105 86 17 53 59 57
69 66 64 65 67 68 37 39 116 22 60 31 25 29 54 38 28 23 17 56 49 57 34 109 101 51 58 30 20 26
70 100 11 91 83 16 123 54 118 47 125 51 55 122 99 106 97 10 71 88 49 7 120 57 73 50 60 63 58 117
71 88 11 10 119 99 122 16 121 47 118 76 120 83 100 91 70 97 73 123 7 18 6 106 58 117 84 125 57 55
72 0 104 114 113 112 93 4 108 92 19 25 39 2 31 5 32 34 61 86 107 105 8 116 110 1 85 22 28 62
73 7 97 6 118 10 11 83 48 122 74 16 115 91 84 123 47 117 106 71 88 96 70 18 63 99 121 100 76 120
74 117 73 6 7 98 83 10 48 16 11 118 91 123 84 115 63 99 119 122 120 97 88 47 70 96 71 106 121 100
75 77 79 12 81 82 9 78 29 1 20 94 28 31 101 23 8 103 89 80 85 26 27 37 35 68 126 40 45 105
76 119 121 10 71 122 16 6 99 118 73 106 11 88 18 83 7 84 100 96 47 97 120 123 91 70 117 48 125 115
77 75 9 12 78 81 82 79 29 89 103 1 28 20 23 105 126 8 35 27 45 111 80 31 15 101 37 124 94 48
78 81 77 9 75 12 82 1 79 20 35 80 8 111 124 28 37 103 6 29 126 110 26 31 21 15 45 13 27 94
79 81 82 9 75 12 80 77 103 1 78 28 29 20 23 31 89 8 35 94 26 107 111 37 101 108 45 116 92 22
80 35 79 81 20 82 124 103 9 28 23 26 29 12 78 38 75 77 1 111 89 40 33 8 46 105 21 37 13 86
81 79 9 82 12 78 75 77 80 1 103 89 20 28 29 31 8 23 92 107 35 94 111 124 45 108 37 27 26 32
82 79 81 9 75 77 12 80 1 78 29 23 20 89 26 103 28 31 8 35 111 40 92 94 37 126 38 108 45 113
83 118 91 123 11 122 70 16 54 97 10 100 63 73 7 96 49 88 125 47 71 119 99 106 6 117 120 121 95 48
84 6 63 117 73 11 7 47 97 118 83 122 125 115 91 10 119 99 121 70 48 100 76 16 88 123 120 71 106 74
85 110 40 15 17 21 30 125 54 34 60 24 41 26 33 94 86 36 7 111 25 51 46 75 73 42 59 109 11 37
86 17 38 57 109 13 54 50 53 60 30 58 24 33 41 51 59 116 15 47 44 42 36 37 34 20 43 35 110 66
87 121 119 71 16 76 62 19 10 63 24 11 30 122 88 41 90 50 44 51 43 86 98 100 33 118 34 91 96 83
88 71 11 10 16 47 91 83 99 118 122 100 70 7 123 119 73 120 121 58 117 6 76 63 97 125 54 84 106 36
89 77 81 12 9 82 79 75 105 1 80 94 35 55 107 124 78 56 29 8 111 20 42 103 23 38 26 15 36 126
90 94 40 34 111 42 33 60 43 41 48 101 6 44 64 21 45 27 30 68 7 47 115 67 24 46 87 65 52 63
91 123 83 118 11 122 70 16 125 54 100 63 10 7 49 88 97 96 47 99 73 71 117 60 120 106 119 57 95 58
92 93 0 114 4 113 107 104 12 25 108 81 61 22 112 82 32 28 39 5 8 116 79 77 1 85 31 75 103 19
93 0 113 114 92 4 25 104 32 5 61 108 22 107 39 8 109 112 116 28 103 19 66 72 31 1 26 37 86 17
94 40 101 68 34 45 111 90 43 41 37 126 33 28 46 21 48 31 42 36 44 1 75 30 54 27 60 24 115 64
95 115 83 91 52 123 118 16 7 11 96 97 73 122 48 100 98 27 56 14 6 54 70 63 18 102 125 106 49 10
96 122 125 123 83 91 118 7 11 10 73 6 106 97 16 70 100 54 95 115 99 60 76 88 71 47 120 51 14 18
97 73 118 83 7 11 122 47 123 91 10 70 71 125 100 6 84 106 48 16 96 121 99 56 119 88 57 120 95 55
98 117 74 6 63 16 115 11 83 100 102 91 95 48 123 73 118 84 51 7 125 55 10 121 47 96 88 70 54 71
99 47 11 18 122 10 71 16 120 100 70 88 48 83 91 118 7 6 106 119 115 123 73 121 76 52 117 97 84 96
100 70 11 16 91 125 47 83 51 123 99 55 118 71 88 10 122 97 50 63 121 120 73 54 102 106 7 60 119 96
101 111 31 34 94 37 28 41 21 33 126 40 8 68 108 46 45 65 105 69 1 64 24 29 36 25 44 67 30 42
102 48 100 98 115 51 55 99 95 70 16 84 106 7 63 73 6 18 47 121 11 109 97 83 118 14 44 10 49 45
103 79 81 80 77 28 35 113 9 1 82 20 12 78 61 68 75 31 37 4 23 26 105 8 101 124 107 126 38 111
104 4 114 113 25 61 0 32 112 93 5 8 22 92 31 39 37 28 105 103 108 126 69 68 72 66 77 64 116 15
105 35 28 126 20 29 37 25 26 34 54 23 68 39 56 38 101 1 77 50 31 60 70 8 67 69 22 4 103 104
106 120 122 118 10 27 70 83 6 7 11 123 99 73 91 119 14 16 97 121 96 76 100 71 88 49 47 18 84 117
107 92 12 93 1 81 103 8 79 9 77 35 75 124 111 105 89 78 28 114 0 80 82 22 25 5 37 94 26 21
108 44 111 116 101 34 8 93 42 28 22 25 114 37 31 1 46 66 40 92 41 39 33 36 0 94 21 30 104 27
109 17 59 50 38 86 57 15 13 58 54 51 53 60 5 55 37 56 49 30 52 70 11 100 110 16 125 91 66 123
110 85 17 15 86 109 38 13 125 51 24 21 50 59 30 60 54 53 26 57 116 78 58 33 34 20 37 41 42 40
111 34 101 33 1 24 28 21 124 46 37 36 94 41 40 108 30 42 51 116 44 35 45 8 43 126 20 29 26 27
112 114 104 4 113 0 5 92 61 93 72 25 2 107 28 31 39 116 8 94 111 108 101 32 103 22 34 37 69 90
113 4 104 114 61 32 93 0 25 92 103 112 22 28 31 8 39 126 68 77 5 108 37 72 82 101 105 81 75 79
114 4 104 113 32 25 61 93 0 112 22 5 92 31 108 39 8 37 28 116 69 68 64 72 66 67 77 101 109 107
115 48 6 18 73 7 95 99 63 84 14 11 52 98 117 47 96 83 27 10 97 102 91 122 74 118 100 50 70 123
116 37 65 66 64 34 28 67 17 23 22 86 69 25 24 20 33 5 29 38 26 30 51 41 53 60 39 108 44 21
117 74 63 11 98 6 84 91 83 16 73 7 10 123 125 118 70 88 99 47 115 48 54 100 120 122 71 49 52 119
118 83 91 123 11 122 97 10 73 16 70 119 106 7 71 121 54 96 100 88 49 6 99 47 120 125 84 56 63 117
119 121 76 10 71 122 118 16 83 11 99 88 106 91 123 47 6 84 7 73 100 97 120 70 117 18 96 74 63 125
120 106 11 99 10 122 71 16 83 118 91 6 70 7 123 14 49 88 27 47 100 73 119 97 117 84 125 54 121 52
121 119 76 10 71 122 16 118 11 83 106 99 7 100 6 73 88 97 91 84 123 47 120 70 18 98 117 96 63 74
122 10 118 11 83 91 123 7 99 96 119 16 106 71 97 121 73 120 70 76 6 125 88 47 100 54 84 63 18 57
123 91 83 118 122 11 10 70 16 54 125 96 7 100 97 73 106 88 49 6 56 63 99 47 120 117 60 119 71 14
124 41 21 24 33 111 30 26 46 20 80 35 44 29 36 96 45 125 23 42 34 50 1 106 6 47 7 84 101 55
125 91 100 123 11 96 70 83 7 122 63 54 47 51 118 97 117 60 50 84 16 13 73 59 55 49 10 6 57 88
126 35 20 28 29 26 105 37 23 101 68 94 36 1 39 46 25 34 38 111 45 13 109 54 61 21 51 30 32 44
