0 93 81 107 124 80 62 40 57 86 50 1 53 113 56 52 104 44 27 82 46 32 4 36 60 87 3 42 54 59
1 108 61 15 36 21 45 13 24 43 46 17 4 94 27 90 60 33 101 104 69 85 28 31 113 22 44 68 38 37
2 19 112 92 103 3 79 8 77 9 72 87 78 75 20 89 12 61 82 114 69 34 15 13 22 26 28 37 25 35
3 79 19 2 92 112 72 103 9 8 77 12 78 87 75 20 82 104 15 89 107 4 26 13 38 114 61 34 105 22
4 104 108 113 1 61 29 126 23 105 8 112 114 111 13 17 69 80 31 37 38 28 22 25 15 103 20 68 34 89
5 69 68 61 85 66 34 116 28 37 67 31 22 38 15 65 17 25 101 13 30 126 35 21 41 114 108 26 90 39
6 16 119 48 95 73 99 70 115 117 96 121 51 63 71 120 10 76 83 122 102 84 123 88 97 14 18 98 106 55
7 70 16 96 95 115 99 121 48 6 73 71 120 51 117 106 63 55 102 119 10 76 123 14 122 83 98 97 30 84
8 112 103 19 77 9 92 72 20 61 79 2 87 78 82 12 26 15 3 13 4 89 108 114 35 69 104 34 75 17
9 78 72 12 77 79 82 8 89 75 26 103 2 87 3 20 35 112 19 92 61 15 13 34 108 114 28 126 104 38
10 73 119 48 95 121 115 99 16 70 123 96 6 71 51 63 117 120 76 122 102 55 84 83 97 88 14 98 106 18
11 88 64 84 63 119 16 48 121 71 6 95 96 58 99 115 83 70 10 73 74 91 117 51 76 122 98 120 18 55
12 78 79 9 77 82 72 89 87 8 75 26 3 103 2 92 19 20 15 35 108 13 61 126 33 112 34 85 21 1
13 15 17 22 37 34 31 38 61 69 68 28 25 94 90 1 26 108 103 8 126 104 35 4 20 114 112 85 21 45
14 71 83 95 16 73 99 70 96 48 115 51 6 119 117 121 106 102 63 120 98 55 10 76 41 100 123 122 84 30
15 17 13 38 68 34 22 31 37 28 69 61 25 1 108 94 90 36 8 85 103 26 112 20 35 60 5 21 65 45
16 95 73 48 99 51 115 70 119 96 71 6 121 117 63 120 10 76 83 102 84 122 123 88 14 97 106 55 18 98
17 37 38 28 22 31 68 34 15 69 13 25 61 94 90 1 108 26 85 104 35 5 21 8 4 114 126 105 45 20
18 117 48 120 97 6 16 119 95 96 71 76 70 121 115 73 63 99 51 10 102 123 84 83 122 14 88 98 106 7
19 2 112 3 103 8 92 79 87 72 9 77 12 15 75 20 61 69 78 13 22 68 25 17 37 26 34 28 82 89
20 112 8 26 78 61 9 92 2 35 77 15 114 72 108 13 75 89 79 17 105 82 126 12 34 69 38 4 19 28
21 27 43 33 24 45 44 42 46 36 85 60 39 101 106 67 116 1 59 109 41 65 52 108 30 100 66 54 55 56
22 37 31 34 25 68 28 69 17 61 38 15 13 94 108 26 90 1 104 35 112 114 5 103 105 85 126 8 92 4
23 29 4 113 111 104 17 13 126 38 105 61 28 69 44 37 25 108 31 8 1 27 33 62 34 22 15 42 107 21
24 33 36 45 42 21 43 44 27 60 46 59 101 85 116 106 66 30 39 109 67 52 1 100 65 54 41 56 108 47
25 22 37 28 69 31 34 68 17 61 38 13 15 108 94 104 90 114 1 105 5 85 112 126 92 4 65 26 103 8
26 35 9 34 78 13 20 22 61 8 77 31 12 68 37 17 15 103 89 126 38 108 72 75 28 82 69 92 25 79
27 21 42 44 36 43 33 60 24 45 106 54 46 100 85 59 116 52 41 101 56 109 30 39 57 51 50 67 1 108
28 25 22 34 31 37 69 17 68 61 38 15 13 94 90 108 1 104 114 105 85 5 26 8 35 126 65 4 112 103
29 104 4 23 108 113 105 1 61 17 126 31 37 28 38 111 15 25 69 22 13 21 33 114 68 34 24 20 44 94
30 41 65 66 51 121 67 83 106 116 117 85 95 73 16 39 100 48 96 76 71 6 115 70 99 101 120 97 14 102
31 37 22 34 28 25 68 17 69 61 38 15 13 108 94 90 1 104 26 114 5 105 35 85 126 112 4 8 103 92
32 110 65 39 66 50 116 64 88 56 102 41 30 53 55 118 100 76 121 99 59 57 54 83 86 48 51 11 73 115
33 24 21 44 36 42 45 43 27 46 60 106 59 85 67 54 116 101 109 100 39 52 41 56 108 1 111 65 66 30
34 22 68 37 31 28 25 69 17 61 38 15 13 26 94 35 90 108 114 5 126 105 85 1 103 104 8 112 65 92
35 26 77 34 9 20 22 8 68 38 103 37 15 61 17 13 31 78 82 28 12 79 5 108 25 94 89 72 69 112
36 24 33 27 45 21 60 43 46 85 116 44 42 106 1 100 108 101 59 66 39 67 41 109 65 54 47 56 90 94
37 31 22 34 25 28 68 17 69 38 61 15 13 94 108 90 26 104 1 5 35 85 105 112 114 126 4 103 92 8
38 17 68 34 22 37 15 28 31 25 69 13 61 94 90 1 108 26 35 5 114 105 126 85 104 21 8 4 36 33
39 66 41 85 67 65 30 116 21 106 100 101 59 36 27 46 24 45 14 33 51 43 102 60 55 73 47 99 118 95
40 124 0 46 42 44 45 43 24 21 52 33 56 1 93 59 60 27 36 86 50 54 57 81 53 111 125 106 49 32
41 30 106 39 101 65 51 67 66 85 14 83 95 73 99 16 100 116 117 48 121 71 115 70 96 102 6 10 119 55
42 44 45 27 24 43 33 21 54 46 52 36 60 56 59 125 106 30 41 55 85 101 111 51 102 109 116 100 67 39
43 21 42 45 44 24 33 27 60 36 46 85 109 106 59 52 116 41 30 65 108 54 1 67 101 66 39 56 100 51
44 42 27 33 45 43 21 24 46 36 54 60 41 85 56 106 59 30 101 52 57 109 125 50 116 67 111 53 100 39
45 42 24 43 44 21 33 36 27 46 85 60 101 41 30 109 59 1 39 67 65 116 108 106 66 94 54 100 52 90
46 21 44 24 33 36 43 27 45 42 101 59 67 85 116 60 39 65 1 106 41 66 109 108 111 52 30 54 56 55
47 118 100 36 39 59 24 102 60 106 33 21 101 109 85 66 27 120 90 67 94 7 116 55 65 125 45 46 98 43
48 95 16 121 73 115 119 70 99 6 96 71 51 63 117 10 120 83 122 102 76 84 123 97 88 14 18 106 55 98
49 54 52 100 60 123 24 42 27 59 43 106 44 118 30 55 45 39 41 36 109 116 122 101 33 66 67 65 10 85
50 57 53 56 59 54 52 106 116 44 27 60 100 55 51 124 42 109 33 102 95 43 73 88 99 21 115 36 41 16
51 16 73 95 48 70 115 99 71 96 117 119 6 121 120 10 76 102 63 83 122 84 123 106 14 88 55 97 30 41
52 54 60 42 55 56 27 43 50 57 21 59 44 106 116 24 53 100 33 51 102 99 73 10 46 49 115 36 70 95
53 57 54 50 56 55 59 52 106 64 44 100 88 51 27 42 96 116 119 124 95 10 84 102 60 70 33 115 83 73
54 53 100 56 55 57 106 52 50 27 51 42 59 44 10 41 83 14 73 70 102 115 96 99 60 95 30 117 119 33
55 10 71 96 73 70 51 54 119 99 95 102 16 121 115 48 14 123 117 120 106 6 76 56 84 63 98 122 53 125
56 54 57 50 53 106 55 51 59 70 102 95 96 117 73 16 52 44 99 115 121 100 76 27 116 42 48 119 41 6
57 50 53 56 54 59 52 44 27 106 51 116 55 109 60 42 100 88 124 95 73 115 33 99 41 16 83 117 43 119
58 91 16 48 125 63 6 119 121 95 99 73 115 70 84 71 96 117 88 51 83 10 102 76 120 122 11 97 123 74
59 109 106 60 50 116 56 57 54 27 85 100 67 24 43 30 21 33 53 44 36 46 95 51 102 39 115 41 42 55
60 36 59 43 109 27 21 24 33 52 85 116 45 44 106 42 100 54 67 46 65 118 41 50 1 39 56 30 66 57
61 28 22 34 31 69 37 25 68 17 15 13 108 38 1 105 94 114 112 104 8 126 90 4 92 85 20 26 101 103
62 107 81 80 113 0 93 111 4 104 57 124 50 23 1 53 27 56 46 108 29 44 12 116 3 43 42 52 89 33
63 115 96 48 16 95 99 71 119 73 6 70 121 117 120 10 51 122 83 76 102 84 123 88 97 14 98 18 55 58
64 11 88 84 119 63 96 48 121 10 16 95 71 70 6 115 99 83 55 53 51 73 91 18 58 117 76 102 122 98
65 67 66 116 30 41 85 39 101 106 21 51 100 43 36 59 46 95 60 24 121 102 117 73 45 16 99 7 48 76
66 65 39 30 101 67 41 116 85 106 36 24 100 70 21 55 121 14 117 95 43 51 119 102 71 73 76 6 96 120
67 65 85 116 30 41 66 39 101 106 59 21 46 51 33 36 60 55 45 24 109 43 73 70 119 95 27 100 44 6
68 34 22 37 69 31 28 38 25 17 15 61 13 5 108 94 1 26 90 85 35 104 114 36 105 8 126 112 103 66
69 28 25 68 22 37 34 31 61 17 38 15 13 108 5 94 105 1 90 112 114 85 104 65 126 101 66 8 67 92
70 73 16 95 48 119 115 99 121 96 6 51 117 71 102 63 84 10 120 76 83 122 123 14 88 55 97 106 98 18
71 16 95 48 73 115 119 51 96 63 99 70 6 121 117 14 10 120 102 76 84 123 83 122 55 98 88 97 18 106
72 79 9 75 77 103 12 8 78 3 2 19 87 92 112 82 26 20 13 89 15 35 114 61 34 38 126 37 22 108
73 16 95 70 48 51 119 99 115 96 6 121 71 117 10 63 120 76 102 83 122 84 123 14 97 88 55 106 98 30
74 98 63 123 84 122 96 10 73 48 121 70 119 95 16 6 115 99 76 71 117 83 51 120 88 102 55 97 58 14
75 72 78 9 12 2 103 77 79 26 8 20 89 112 92 3 19 13 61 87 15 82 34 90 69 108 105 126 28 22
76 117 96 16 95 73 121 120 48 99 6 70 115 51 119 10 71 63 102 83 84 122 88 123 14 18 97 98 55 106
77 9 78 72 12 79 8 82 103 2 35 87 92 89 26 3 75 20 112 19 61 13 34 108 15 114 104 38 126 17
78 9 12 79 77 82 89 75 72 26 20 8 87 2 92 35 3 103 112 61 108 126 34 15 19 28 114 13 38 17
79 72 12 78 3 9 77 87 2 92 103 82 8 19 112 89 75 20 35 26 13 15 34 114 61 126 38 28 108 17
80 107 93 81 62 0 113 4 124 104 1 87 108 61 111 82 29 31 25 37 22 17 28 23 94 90 34 13 68 89
81 0 93 107 62 80 124 57 50 1 86 53 40 113 56 44 111 104 32 4 46 23 27 29 42 52 110 116 3 36
82 89 87 78 9 77 12 79 8 72 35 26 2 20 92 103 61 112 104 108 75 28 34 3 114 19 4 1 113 25
83 48 121 95 16 96 73 115 122 99 6 119 70 63 14 51 117 71 97 10 120 76 88 84 102 30 106 123 41 98
84 70 119 88 16 95 48 73 121 6 99 96 115 71 63 10 51 117 102 76 83 120 11 98 64 123 122 55 14 97
85 67 116 21 39 41 65 30 109 106 101 27 43 60 36 59 45 66 44 24 33 100 46 108 42 61 102 51 56 14
86 124 0 93 125 53 32 44 47 42 39 40 50 81 33 46 36 59 57 24 56 45 21 54 118 91 55 11 27 64
87 82 79 89 92 8 9 12 77 19 2 78 72 103 112 3 61 20 75 4 26 104 34 108 114 28 80 35 68 69
88 84 11 95 119 16 48 99 96 115 121 73 64 6 63 71 70 51 117 83 10 76 122 120 98 102 55 14 58 123
89 82 78 9 12 87 77 79 8 26 2 75 20 103 112 108 61 72 92 4 1 35 34 104 15 28 13 19 22 69
90 94 13 17 15 61 28 1 36 34 37 31 69 22 38 24 21 25 60 45 68 85 108 33 47 116 67 59 39 27
91 58 125 96 99 16 71 6 84 95 102 70 88 119 48 115 73 121 63 51 76 117 10 55 120 14 83 122 98 64
92 112 2 8 79 19 3 87 103 61 77 20 72 78 108 9 69 104 12 114 13 34 37 82 22 68 25 75 15 31
93 0 81 107 80 124 62 86 1 40 87 113 94 90 50 57 82 46 53 36 104 12 111 108 89 25 44 29 15 4
94 90 13 17 61 15 28 34 1 37 69 22 31 38 36 25 45 68 24 21 85 60 108 33 47 67 39 116 109 59
95 16 48 73 115 99 51 70 96 119 6 71 121 117 63 10 120 76 102 83 84 122 123 88 14 97 106 55 18 98
96 16 95 48 73 99 63 115 70 119 117 6 71 51 121 76 10 83 120 122 102 84 88 14 123 55 97 98 106 18
97 48 122 121 115 95 73 83 16 6 10 119 99 70 51 96 117 71 63 18 123 120 76 102 30 84 14 41 106 98
98 71 96 120 102 119 14 6 73 95 48 70 16 99 63 121 84 117 76 115 10 51 55 83 122 118 88 74 123 97
99 115 16 95 73 48 70 96 119 6 51 121 63 117 10 71 102 76 120 83 122 84 88 123 14 97 55 106 98 18
100 106 54 30 14 41 27 102 83 59 118 55 120 39 36 116 115 51 96 60 95 56 73 99 85 10 16 119 117 70
101 66 41 65 67 85 30 106 21 116 24 39 108 46 27 55 45 36 44 111 51 100 33 120 117 43 42 14 70 59
102 70 99 115 95 48 16 73 120 51 119 71 96 121 117 6 63 10 76 123 106 84 55 14 98 83 122 118 97 100
103 8 19 2 72 112 79 9 77 92 3 87 104 13 61 75 12 15 26 35 34 22 89 78 68 108 69 37 82 28
104 4 61 113 29 1 108 103 28 31 37 25 22 69 68 17 114 34 8 13 112 105 92 23 38 126 15 111 80 107
105 108 61 126 69 111 4 101 114 24 33 28 29 21 46 34 1 25 31 36 38 45 27 37 85 68 22 104 17 20
106 100 51 95 102 73 16 117 70 115 96 14 41 48 99 59 116 54 56 83 120 30 6 55 119 71 85 27 121 76
107 62 81 0 93 80 113 124 57 104 4 50 1 111 23 53 3 56 29 27 40 52 44 108 87 82 46 12 42 89
108 1 61 105 101 36 15 4 21 126 43 69 13 85 27 31 33 24 37 29 22 28 45 46 114 104 34 25 111 68
109 59 60 85 43 106 27 21 36 45 44 116 24 33 67 41 54 100 39 46 42 30 56 57 65 102 50 101 66 47
110 32 66 39 88 116 64 65 30 67 41 57 50 11 59 53 56 83 109 118 54 121 86 95 100 85 101 125 16 119
111 101 42 44 33 126 27 46 105 108 21 106 45 1 24 23 36 4 113 43 55 85 102 116 56 61 65 104 41 67
112 8 2 92 19 20 61 103 3 79 69 87 72 108 4 9 15 22 77 114 13 37 34 104 89 31 68 78 75 17
113 4 104 29 1 62 108 23 80 111 107 61 126 27 21 33 42 36 43 114 24 13 28 31 17 94 44 37 45 38
114 61 126 108 28 34 105 69 25 8 4 31 20 112 22 104 38 68 13 101 37 17 92 15 2 111 103 5 1 113
115 95 99 16 48 119 73 63 70 96 71 6 51 121 10 117 102 120 76 123 122 83 84 97 88 14 106 55 18 98
116 65 67 85 106 30 66 59 41 39 36 60 21 27 101 100 43 51 56 24 95 121 83 46 48 16 54 115 33 55
117 76 16 120 95 73 96 6 48 70 99 51 115 119 121 71 63 10 102 83 84 122 123 14 106 18 97 88 55 30
118 47 102 98 100 96 70 95 99 120 106 51 115 16 73 84 119 117 71 59 48 121 41 6 55 76 116 10 83 60
119 16 95 73 115 6 48 70 99 96 71 10 63 121 51 117 120 84 102 76 83 88 122 123 97 14 55 18 98 106
120 117 16 48 73 95 6 119 76 51 70 115 99 96 63 102 71 121 10 123 83 122 98 18 84 14 97 55 106 88
121 48 16 95 70 73 99 115 6 96 10 119 51 71 117 63 76 83 120 122 102 84 97 88 123 14 55 30 98 18
122 123 48 121 96 95 115 73 16 83 97 63 6 119 99 10 70 51 117 71 120 76 102 84 88 14 98 55 30 106
123 122 10 115 48 95 16 73 119 70 71 51 99 121 96 6 63 117 102 120 97 76 55 83 84 14 106 74 18 41
124 0 86 40 50 81 57 53 93 107 80 54 42 56 44 33 52 62 59 27 45 111 36 24 46 1 21 113 60 125
125 91 96 95 58 51 55 16 73 99 115 70 48 106 120 102 63 117 121 6 83 10 71 119 123 122 76 42 44 14
126 105 108 61 114 111 4 21 85 24 13 101 34 45 26 69 46 1 38 33 31 68 37 15 17 28 27 22 20 104
