0 92 3 19 1 2 8 104 112 89 77 79 93 87 20 78 31 108 103 37 12 113 25 22 107 81 61 72 82 15
1 108 113 92 111 61 15 4 20 0 37 28 43 112 31 22 26 86 25 32 69 23 17 104 65 34 8 89 126 79
2 3 93 19 92 89 78 0 77 87 20 103 79 81 1 75 107 112 62 8 82 12 80 104 15 26 61 9 72 113
3 2 92 19 93 0 112 89 20 77 78 79 103 1 8 87 12 104 107 82 108 22 26 61 62 113 81 80 29 31
4 105 116 17 8 23 108 86 1 27 38 126 28 46 32 66 43 124 44 45 69 30 101 111 33 80 61 42 25 31
5 39 114 85 59 38 60 116 17 56 40 54 86 90 46 119 76 55 27 52 33 124 105 50 10 42 121 18 97 88
6 98 88 115 51 54 73 122 121 10 7 53 52 119 55 125 97 76 106 109 102 18 83 48 99 50 16 58 47 118
7 122 55 10 91 50 18 119 48 58 99 109 54 83 76 121 97 52 117 102 16 53 125 118 11 115 74 96 63 71
8 61 103 104 22 4 89 79 12 77 112 78 81 82 37 31 80 25 72 43 75 0 126 108 92 28 1 105 34 19
9 107 62 82 87 80 81 72 12 90 78 105 40 75 38 103 89 79 124 42 5 77 86 33 39 85 26 27 46 17
10 48 119 122 55 97 16 7 18 91 50 117 76 99 58 83 102 118 125 109 74 54 52 11 121 63 53 49 98 96
11 118 58 76 117 50 55 122 71 91 10 119 7 18 95 48 102 99 16 52 74 96 109 83 97 57 54 63 14 53
12 78 81 75 72 82 80 79 89 112 77 104 107 9 20 26 87 8 103 62 15 25 34 43 110 61 92 90 35 30
13 94 21 23 44 33 63 32 41 49 24 46 101 4 45 30 111 17 58 122 64 121 91 106 110 16 36 51 35 98
14 71 100 57 117 76 84 70 74 118 96 48 91 11 55 54 99 18 122 10 115 119 50 102 7 16 125 97 58 98
15 20 79 75 77 78 1 61 12 82 104 81 43 113 80 31 89 92 72 65 26 126 34 4 25 8 112 68 22 30
16 102 97 10 99 109 49 83 48 53 122 58 91 119 76 55 84 50 7 117 18 123 125 74 118 11 63 121 96 54
17 38 86 105 44 116 90 46 114 5 39 24 42 40 33 45 66 43 4 30 124 64 27 94 41 69 85 80 101 26
18 10 55 7 122 119 76 58 48 50 91 99 97 115 102 16 117 118 54 121 11 125 71 109 74 83 52 63 96 53
19 92 2 3 93 0 89 78 77 20 87 79 8 112 1 103 113 107 82 104 61 62 12 75 22 81 37 9 108 15
20 15 78 79 77 104 75 12 61 113 89 82 26 1 3 92 81 19 112 2 103 29 34 22 0 72 31 110 37 80
21 94 64 36 44 106 121 42 63 49 10 122 48 83 97 109 16 118 18 102 101 125 55 58 98 117 11 99 91 119
22 37 28 25 61 31 65 34 126 68 108 113 8 29 43 110 35 30 101 32 104 69 111 23 1 41 67 44 103 20
23 32 35 29 28 4 26 126 13 61 110 22 108 1 37 25 8 31 30 65 101 66 68 34 111 69 44 33 105 42
24 44 46 30 45 41 42 27 33 124 21 94 101 90 121 64 40 43 17 66 111 116 63 10 68 106 67 122 55 88
25 34 68 31 65 126 43 28 22 108 37 30 112 61 69 113 29 12 101 8 41 103 111 24 44 1 104 32 35 26
26 35 12 81 32 29 30 20 72 23 80 78 104 87 89 82 1 17 75 28 110 34 42 33 25 43 103 44 62 107
27 45 46 44 42 33 24 41 116 121 64 21 94 101 36 30 55 90 39 106 10 124 63 47 119 111 52 67 76 18
28 22 25 68 34 65 31 126 35 32 37 30 23 43 108 29 69 105 4 1 61 116 8 113 66 26 111 112 101 44
29 32 35 37 23 113 22 61 25 110 31 26 28 126 34 108 68 30 20 12 1 104 65 43 75 21 44 81 92 111
30 43 41 44 24 45 34 65 68 66 126 42 124 69 101 33 111 21 67 27 25 46 31 116 94 64 17 36 90 28
31 25 34 68 65 126 37 43 108 22 28 61 30 113 112 104 29 77 8 69 103 1 67 111 92 66 101 72 79 4
32 23 29 35 28 110 26 37 4 22 108 61 13 1 30 25 126 8 87 105 12 113 65 31 68 112 34 43 81 104
33 42 44 27 46 45 24 21 116 94 64 101 41 30 66 55 36 39 67 124 83 88 17 97 119 106 121 125 6 109
34 68 25 65 31 126 43 30 69 108 28 37 22 113 112 101 66 61 67 111 41 44 103 104 12 24 21 29 64 45
35 32 29 26 23 28 110 22 81 30 41 72 12 25 87 37 24 82 89 45 43 4 13 78 44 61 126 75 105 80
36 106 11 21 94 118 64 117 95 63 49 102 74 122 55 109 58 100 121 48 99 91 53 10 52 98 120 57 83 7
37 22 31 113 61 25 65 68 108 34 29 126 28 43 32 8 1 104 30 23 110 69 35 67 92 111 66 77 101 20
38 17 105 40 90 5 116 114 39 124 46 33 42 27 86 4 45 66 44 9 82 62 80 24 107 101 85 41 69 30
39 114 5 85 76 119 54 50 55 52 59 60 86 58 83 121 10 48 7 53 125 122 18 109 91 56 99 94 33 102
40 90 124 38 24 5 17 116 45 46 27 39 44 42 105 86 9 41 80 85 62 43 30 33 114 66 81 82 121 101
41 30 44 24 45 27 124 21 33 64 42 111 94 46 36 43 101 49 90 66 68 63 116 34 65 67 121 106 69 17
42 33 44 21 27 45 24 46 64 30 101 116 124 66 94 41 67 121 88 55 106 17 125 39 90 6 111 10 83 97
43 30 34 65 68 31 25 126 45 44 108 66 69 24 67 41 17 101 116 111 27 90 37 42 104 61 113 22 33 28
44 45 24 46 42 33 21 27 30 94 41 101 64 67 111 121 116 36 43 66 124 63 17 106 55 122 10 69 83 7
45 44 27 46 24 42 30 41 33 101 21 43 64 94 116 36 121 90 111 66 17 63 124 106 40 55 88 10 67 49
46 44 45 27 24 42 33 94 116 121 64 17 55 88 41 101 21 106 30 90 63 66 10 86 124 76 39 83 36 51
47 74 119 63 120 48 11 100 125 121 95 10 97 91 122 55 76 99 18 7 54 49 73 16 106 58 123 118 51 98
48 10 122 7 97 119 58 91 18 55 16 109 99 117 50 125 76 74 118 121 102 83 11 52 115 53 54 96 63 98
49 16 63 97 102 123 99 109 83 53 121 122 10 58 55 74 119 125 18 73 50 95 106 48 91 7 117 84 11 118
50 58 122 7 10 55 91 119 99 83 52 118 48 11 18 76 16 121 102 54 97 117 96 63 109 74 71 51 49 125
51 83 73 58 98 115 50 10 118 88 122 102 16 52 55 106 97 119 49 7 99 63 18 109 6 48 53 91 11 125
52 50 7 122 10 55 83 54 58 118 119 76 48 18 121 99 102 125 109 11 97 91 51 16 117 53 106 115 63 95
53 109 123 16 102 83 97 7 99 96 125 49 55 10 58 54 122 76 48 117 91 119 18 98 84 50 121 74 118 115
54 55 7 119 10 122 99 76 52 50 18 97 96 53 125 83 115 48 109 121 91 98 123 102 16 118 58 11 71 117
55 10 7 119 122 99 18 76 102 50 97 118 48 54 91 83 58 11 16 109 117 52 125 121 71 53 63 96 115 74
56 60 54 50 59 52 55 119 76 84 10 83 7 99 14 71 97 122 18 91 57 58 85 11 102 51 96 48 118 16
57 14 71 117 76 100 118 70 11 96 84 91 55 16 102 50 74 119 18 122 10 48 7 99 58 115 54 98 123 109
58 50 122 118 91 7 48 10 18 16 11 119 99 55 102 83 117 109 52 97 76 121 53 51 49 63 74 96 125 71
59 54 60 56 76 52 14 55 115 71 88 10 50 85 122 125 7 5 97 100 18 39 48 83 99 118 119 57 121 120
60 56 54 76 59 55 119 50 85 10 99 97 7 52 18 48 14 16 125 83 84 122 91 102 71 115 11 58 39 5
61 22 37 8 113 65 31 126 20 34 25 68 108 1 29 43 15 104 23 112 28 32 12 30 101 4 78 110 79 77
62 107 87 9 81 72 82 80 89 12 78 90 103 86 38 105 40 124 92 26 79 5 75 2 8 19 104 4 77 17
63 49 122 74 121 10 91 123 55 50 18 58 119 16 7 48 117 102 96 99 118 100 109 11 97 98 76 120 106 83
64 94 21 99 83 36 97 11 95 102 16 125 10 18 55 118 58 106 121 49 44 109 48 7 122 53 119 91 52 101
65 68 34 31 126 25 43 69 30 67 66 37 28 61 108 22 101 111 113 44 112 41 21 24 116 124 33 45 104 36
66 69 101 116 30 67 65 124 42 44 21 33 43 64 45 46 94 24 17 34 126 68 41 111 36 27 106 121 113 38
67 69 101 44 64 111 65 66 21 36 30 42 94 68 33 116 43 126 121 34 27 46 106 124 24 45 41 118 49 108
68 34 25 65 126 31 43 30 28 69 108 37 22 67 112 61 66 113 111 101 44 24 41 29 104 21 124 64 94 36
69 66 67 65 101 64 34 30 68 116 36 21 43 126 44 94 111 25 33 42 108 28 41 31 46 45 106 17 124 24
70 14 71 57 96 98 117 76 100 115 118 84 11 54 74 73 123 91 55 18 16 53 119 48 7 122 102 10 88 50
71 118 14 117 76 57 11 100 55 18 91 70 96 115 50 102 122 10 58 48 119 74 7 16 84 99 54 109 97 53
72 80 12 81 75 82 107 77 78 62 9 87 79 89 104 26 42 90 8 103 43 35 31 45 112 17 20 27 25 105
73 123 98 51 49 88 97 16 53 115 102 96 106 10 63 99 83 109 74 48 95 55 121 84 6 119 125 54 122 100
74 100 117 63 48 10 84 122 91 18 16 109 76 99 7 125 123 96 55 49 50 119 118 58 14 121 11 102 97 71
75 12 72 81 82 80 78 77 79 20 15 89 104 8 103 43 9 112 107 26 87 110 2 41 61 45 29 35 44 62
76 55 10 117 18 122 71 118 7 48 11 119 91 50 16 54 99 102 58 14 52 57 74 97 100 53 121 109 115 125
77 79 78 82 80 72 75 89 12 103 20 15 81 104 112 8 31 92 2 3 113 19 0 107 61 34 25 9 1 65
78 79 81 12 89 82 77 80 75 20 72 103 104 112 15 8 87 62 107 9 19 2 26 92 3 90 61 43 0 34
79 78 77 82 89 81 12 80 75 20 104 72 15 103 112 8 92 9 113 61 0 19 3 34 2 1 107 25 31 87
80 82 72 81 12 78 77 75 107 79 9 87 89 62 103 90 112 8 105 26 17 104 42 124 40 38 4 27 43 116
81 78 80 12 72 82 79 87 75 89 62 107 9 103 26 77 8 90 35 20 104 105 112 15 45 41 43 25 4 17
82 80 12 79 81 78 9 77 72 75 107 103 89 87 62 112 104 20 8 15 90 105 124 38 26 33 110 92 17 42
83 97 109 99 16 10 50 55 7 125 53 122 102 58 119 52 51 106 49 118 48 18 121 54 95 91 11 76 123 117
84 16 74 117 14 99 96 109 100 97 102 122 53 48 76 57 123 91 71 50 49 7 58 10 125 55 83 119 54 120
85 39 114 5 60 54 119 11 59 56 52 55 50 10 76 47 95 18 97 83 122 91 125 7 99 48 121 58 102 16
86 17 39 116 114 46 85 5 33 42 27 105 4 44 38 90 45 40 62 1 94 64 41 87 50 51 52 58 76 83
87 107 62 81 9 80 72 82 103 12 78 89 26 2 105 75 92 35 19 86 8 0 32 90 38 79 77 40 124 112
88 98 115 51 73 6 10 122 97 55 18 54 48 119 99 53 7 96 76 118 58 125 16 91 50 121 120 52 83 63
89 78 79 12 81 77 82 112 80 104 103 62 72 75 2 8 92 20 87 19 107 3 26 9 0 1 25 90 113 15
90 40 124 38 24 17 45 116 27 46 42 44 105 41 5 30 9 43 33 80 81 86 72 82 62 39 66 103 114 12
91 119 122 10 7 58 117 48 99 50 55 16 118 76 18 102 109 11 74 96 97 63 98 120 71 115 53 121 83 125
92 19 3 0 2 1 89 104 77 112 93 20 78 103 8 108 12 79 107 31 87 61 82 25 113 62 37 22 15 34
93 2 19 3 112 92 0 61 8 113 89 104 31 1 108 77 78 103 79 37 68 25 34 22 12 20 29 75 126 87
94 64 21 49 109 118 36 16 97 106 122 10 102 53 55 83 99 117 44 121 125 91 123 48 58 119 98 63 18 76
95 11 109 83 16 74 49 99 97 58 123 53 50 102 10 118 52 7 125 84 55 121 63 117 122 106 73 51 91 47
96 98 122 53 117 54 91 123 84 50 99 55 119 71 18 74 10 102 7 58 48 63 16 11 14 76 118 121 57 115
97 99 16 10 83 102 119 125 109 48 55 49 122 18 7 53 58 50 54 91 76 118 106 117 84 123 121 74 115 52
98 115 96 122 6 73 91 10 119 51 88 102 117 48 54 55 53 18 76 123 16 118 74 50 7 58 63 99 97 109
99 97 16 102 55 7 10 119 122 83 91 109 48 50 125 58 18 54 49 76 53 84 121 118 117 11 74 96 52 63
100 74 14 117 71 76 57 84 48 118 63 91 123 55 11 10 121 7 70 18 96 99 16 122 119 58 47 102 49 50
101 111 44 67 66 21 69 64 45 42 94 30 126 33 36 27 116 24 121 106 124 65 46 41 34 49 108 51 118 43
102 16 99 97 55 109 10 49 53 119 58 91 83 7 122 18 50 76 117 48 123 118 125 11 52 96 84 98 71 121
103 82 8 77 78 81 104 112 89 79 87 80 12 43 34 72 107 31 75 92 62 25 9 30 90 2 124 66 20 22
104 12 79 20 78 112 89 103 8 77 31 82 43 72 61 92 75 34 80 22 26 81 126 68 113 0 30 65 37 25
105 4 38 116 17 90 86 5 9 80 40 28 124 81 82 114 27 62 43 87 45 33 46 66 8 107 39 108 30 44
106 83 118 97 99 55 49 10 50 51 58 109 122 52 53 63 102 119 16 121 91 123 36 73 76 98 48 11 117 7
107 62 87 9 82 80 72 81 12 89 78 103 75 92 38 77 90 105 79 86 26 112 2 19 5 40 104 124 17 0
108 31 25 34 68 126 37 43 65 22 1 111 113 101 61 69 28 4 112 30 67 29 66 32 8 23 92 116 44 105
109 53 16 83 97 102 7 99 125 48 10 117 55 122 123 58 49 91 119 18 74 115 84 50 118 95 76 52 54 121
110 32 29 35 22 23 12 26 61 82 37 41 75 81 20 113 80 13 44 108 72 111 78 25 126 8 45 89 112 104
111 101 21 67 44 30 41 36 45 126 69 108 94 42 65 33 24 27 116 1 64 68 43 66 34 106 124 121 113 46
112 12 89 104 68 103 34 25 79 3 78 82 31 77 8 65 108 93 80 126 92 113 61 1 43 75 111 20 81 67
113 37 61 34 31 22 108 65 1 68 29 101 25 20 43 126 112 30 111 66 104 77 69 28 67 79 15 44 103 89
114 39 5 85 60 17 86 76 54 119 55 38 59 48 52 64 125 50 18 94 10 97 58 56 109 83 102 123 116 91
115 98 18 122 7 109 48 55 71 91 88 54 51 10 76 119 97 117 58 96 102 125 118 16 53 99 50 73 11 74
116 66 33 105 42 124 27 44 46 45 101 69 17 38 86 5 90 4 64 67 30 40 24 39 111 43 94 41 21 55
117 118 74 71 10 91 76 48 100 122 11 119 109 14 7 55 58 16 18 57 102 96 84 50 99 53 97 98 63 115
118 71 117 58 55 11 10 76 91 50 122 119 18 7 52 48 83 99 102 16 106 97 109 74 125 14 100 51 57 63
119 10 55 91 122 7 97 48 18 99 50 16 76 58 54 102 117 83 118 11 109 125 52 120 121 96 98 74 63 49
120 122 119 91 125 48 99 117 74 7 10 63 97 55 109 118 76 18 96 47 58 49 84 11 102 50 98 115 16 53
121 63 7 50 10 55 122 18 48 49 99 58 119 83 52 76 125 102 74 54 16 91 97 109 96 53 123 118 117 11
122 10 7 119 50 48 55 91 58 18 76 99 16 97 63 118 117 83 11 52 109 102 54 96 125 98 121 115 74 120
123 53 49 109 73 16 96 102 63 74 97 54 98 84 83 99 121 95 119 7 10 125 100 58 91 117 122 18 106 48
124 40 24 90 41 116 66 30 42 44 101 33 27 46 45 38 67 17 111 5 43 65 121 105 69 21 80 82 4 106
125 97 109 48 99 83 10 122 7 55 119 53 18 16 102 74 54 52 118 121 58 91 120 49 76 50 117 115 123 11
126 68 65 34 31 25 30 43 101 108 111 22 69 61 28 37 44 67 66 45 24 21 113 112 29 23 4 94 27 8
