0 2 62 84 104 38 102 57 109 53 47 88 19 97 59 123 112 52 118 74 87 63 99 51 49 91 82 116 4 115
1 34 47 102 59 125 73 84 99 55 101 53 63 39 14 18 11 52 67 95 7 57 104 91 76 22 115 121 105 2
2 0 84 47 97 102 88 39 63 62 99 57 91 95 112 104 18 114 118 123 74 1 19 10 51 76 73 115 125 53
3 107 62 92 89 87 113 93 103 19 81 79 77 108 80 75 8 97 110 78 26 9 38 20 82 88 117 10 12 0
4 116 86 39 109 13 22 54 66 60 74 26 114 59 48 57 123 73 105 76 119 49 6 35 104 52 18 118 23 91
5 15 85 17 124 31 94 25 68 28 23 26 38 111 13 30 42 126 41 37 67 113 64 20 45 40 65 33 108 101
6 74 121 117 53 102 106 118 98 10 99 63 84 109 97 88 123 4 47 104 59 125 55 119 48 86 39 91 49 18
7 11 55 125 14 71 73 18 48 83 16 91 52 95 57 70 58 53 47 100 63 121 101 59 84 88 122 43 115 116
8 77 81 80 78 103 113 108 79 89 107 92 12 62 110 9 38 75 13 3 87 26 117 93 19 82 126 104 76 97
9 79 81 80 77 78 108 12 113 92 75 8 87 103 107 89 38 82 19 62 3 93 110 72 26 111 97 124 20 86
10 117 97 88 18 125 63 73 102 47 118 99 95 121 14 91 11 84 48 76 53 71 52 57 16 6 106 59 55 122
11 125 73 18 95 55 7 14 83 71 47 63 88 52 53 84 91 57 48 118 10 76 70 50 59 97 121 122 56 117
12 81 77 80 9 79 78 92 8 108 113 38 89 75 103 107 72 87 62 13 110 82 4 3 26 93 19 18 118 29
13 26 38 110 35 116 4 20 103 8 32 37 117 77 76 89 92 10 22 113 81 97 86 48 23 63 79 88 109 12
14 18 73 125 11 95 88 63 76 97 7 10 47 118 71 48 83 84 16 117 55 122 91 119 121 99 57 70 53 1
15 124 17 25 28 85 5 31 126 94 113 37 23 79 65 108 81 26 80 78 12 9 32 8 101 77 35 24 41 13
16 125 122 98 73 48 119 106 18 71 121 7 117 14 95 76 10 88 123 116 109 100 22 47 46 60 11 120 63 55
17 15 124 28 25 5 31 85 126 94 113 45 40 37 108 66 32 26 101 65 24 35 81 33 8 23 30 68 44 103
18 73 125 63 88 14 95 10 97 11 48 76 117 84 47 71 121 118 91 99 55 16 102 7 122 57 52 53 83 70
19 89 92 3 103 107 87 113 81 62 80 97 79 78 77 93 108 38 0 9 75 88 8 10 63 48 2 18 110 117
20 26 32 35 13 38 110 23 48 37 62 111 76 89 3 116 108 119 94 117 105 22 103 113 24 45 109 86 88 18
21 33 36 30 90 46 40 41 44 69 43 45 27 39 42 68 67 24 64 101 14 112 1 114 125 118 122 111 37 34
22 116 66 86 60 105 109 67 57 4 65 59 54 37 76 104 48 55 61 52 16 34 122 64 69 101 119 68 98 49
23 32 26 37 110 20 4 38 13 86 117 106 35 31 5 46 45 104 66 103 24 49 44 97 114 109 111 6 8 98
24 101 41 43 45 46 27 42 67 63 44 73 30 18 125 48 88 111 66 40 90 68 64 22 71 26 57 86 14 106
25 28 124 126 15 17 31 94 85 113 5 78 108 81 79 80 77 20 8 75 12 37 9 89 87 32 23 26 35 45
26 13 20 38 110 32 35 103 23 89 4 37 92 113 117 111 8 62 116 108 3 48 107 97 10 77 88 45 24 81
27 43 46 36 101 45 24 30 33 44 42 106 111 40 41 60 16 73 18 65 54 125 21 88 22 76 48 49 71 66
28 25 124 126 15 17 31 94 113 85 78 5 81 108 79 80 77 75 8 37 12 20 9 89 87 23 32 26 103 45
29 61 73 91 84 76 125 4 115 18 95 122 88 116 11 104 63 118 121 48 22 57 74 114 119 14 70 10 6 55
30 36 33 21 41 68 27 40 43 42 64 90 101 24 69 46 45 85 111 67 39 44 71 5 94 34 125 118 73 121
31 15 124 28 25 17 126 5 37 85 94 45 23 43 20 32 26 24 35 111 69 113 40 13 22 108 46 101 27 68
32 20 23 26 35 13 38 110 37 89 103 117 111 97 107 54 104 3 109 114 22 31 4 62 87 18 105 108 8 14
33 21 46 44 36 30 45 27 69 43 40 90 41 94 24 85 106 42 111 108 101 37 5 68 16 31 17 49 26 118
34 59 50 55 64 52 53 67 105 56 54 60 57 58 101 65 116 1 109 66 22 68 51 39 11 86 69 41 7 61
35 13 20 26 32 38 4 116 48 110 23 86 74 8 76 82 103 39 31 111 70 22 0 63 6 37 97 62 43 95
36 30 33 27 21 41 40 42 45 68 64 43 39 44 46 90 101 114 24 106 111 95 69 112 125 16 118 73 18 67
37 22 23 13 26 38 31 46 45 20 69 116 32 4 63 118 104 125 44 43 61 66 117 67 24 10 55 103 18 48
38 13 110 26 103 89 62 107 113 77 8 81 12 79 117 92 20 0 97 80 10 108 37 9 35 19 32 88 63 87
39 114 4 64 116 112 68 2 105 63 34 76 67 74 36 1 59 55 118 84 123 86 99 52 90 60 22 97 6 95
40 43 101 21 46 36 90 30 45 42 27 44 41 64 24 33 66 67 34 55 7 111 125 68 73 48 94 39 118 60
41 42 24 30 21 36 64 68 67 90 40 101 27 43 34 125 33 46 11 44 45 55 48 85 1 69 73 95 65 14
42 41 24 101 46 67 27 30 44 90 36 40 68 64 43 45 21 34 125 1 69 73 33 7 18 11 14 63 51 55
43 46 27 101 40 24 45 73 125 30 71 44 76 111 21 33 18 36 88 22 106 7 41 42 63 67 14 48 102 47
44 46 33 21 27 43 42 45 24 40 69 36 101 106 67 16 37 66 22 90 41 30 125 23 65 122 60 14 49 73
45 46 24 33 27 43 44 40 36 111 90 94 37 26 21 42 30 101 31 41 66 20 69 23 16 106 67 48 88 63
46 44 33 43 27 45 21 24 101 69 106 40 42 16 37 36 30 67 49 73 60 48 22 125 111 90 41 76 122 14
47 84 99 102 88 97 125 63 18 11 73 10 118 117 95 48 14 53 71 52 91 76 2 106 55 57 83 7 121 1
48 125 73 95 18 122 16 71 88 11 76 55 63 47 10 7 121 117 116 57 14 70 97 84 52 106 60 22 118 91
49 60 54 106 109 59 53 57 52 86 104 50 105 99 56 101 98 55 123 119 58 116 22 4 74 46 66 0 120 47
50 52 56 54 59 55 58 53 60 34 57 105 109 51 11 65 67 116 49 120 101 64 100 83 61 66 86 22 7 71
51 57 52 55 58 50 59 56 54 53 96 60 95 91 105 34 11 115 71 48 66 109 125 67 100 0 88 18 7 73
52 56 53 59 55 50 57 58 60 54 109 105 34 51 11 116 47 71 18 125 83 7 49 84 65 100 73 118 67 101
53 59 52 55 56 50 57 60 34 11 54 105 58 109 47 83 10 118 84 63 49 51 125 116 88 121 6 99 91 18
54 60 109 59 50 49 52 56 57 58 86 105 55 53 116 34 101 51 67 22 65 66 4 64 104 123 48 16 95 18
55 52 57 53 50 56 59 11 60 58 125 7 34 54 105 73 51 48 116 18 95 64 71 66 67 83 91 63 122 109
56 52 59 50 53 58 55 109 54 60 57 105 34 51 65 116 67 11 49 100 64 66 71 83 61 121 7 10 101 22
57 55 52 59 51 60 53 54 56 50 58 116 105 109 91 11 125 73 34 22 88 18 48 63 49 83 96 95 115 66
58 52 56 50 55 60 54 57 109 100 59 53 105 51 34 116 66 65 64 7 67 101 83 49 96 22 98 86 48 11
59 53 52 56 57 54 50 60 109 55 34 105 116 58 49 51 86 67 22 65 11 101 63 104 64 73 1 10 88 125
60 54 109 49 52 105 59 57 50 56 55 58 116 53 86 65 22 67 34 66 101 64 51 106 104 76 4 99 48 73
61 116 29 55 125 22 59 52 57 11 109 53 50 18 66 73 56 48 71 65 60 34 88 63 16 84 4 10 121 118
62 103 107 89 92 110 8 3 0 80 38 108 113 81 79 78 77 19 97 87 2 88 26 93 9 104 119 109 74 117
63 88 18 97 125 84 73 10 47 117 11 14 118 95 91 102 76 48 71 99 57 53 121 55 52 59 7 111 2 83
64 68 67 34 66 39 101 65 60 116 55 105 58 41 54 109 59 56 86 52 57 50 90 30 22 36 42 40 69 24
65 67 66 60 116 109 64 34 56 50 22 52 59 105 101 54 58 57 55 68 86 61 123 71 27 53 51 69 16 24
66 22 105 67 65 64 60 101 116 109 55 57 58 54 4 56 52 34 48 59 50 86 24 61 68 51 98 49 40 16
67 64 65 68 101 66 34 60 116 22 50 105 54 59 55 52 57 109 41 42 24 56 86 58 69 90 39 46 43 1
68 64 67 101 30 39 41 65 34 42 36 22 66 69 86 116 24 90 60 109 5 54 105 58 21 74 40 85 59 52
69 46 21 33 67 22 90 86 44 64 30 68 34 101 37 60 65 24 43 59 54 42 45 39 41 116 1 57 114 58
70 73 125 11 48 7 100 95 18 55 52 120 88 116 71 83 14 122 57 22 63 121 96 16 76 59 50 105 47 53
71 125 11 18 73 121 48 122 7 95 16 47 88 76 52 14 63 55 10 91 57 117 97 116 43 118 84 101 83 53
72 78 12 113 80 77 81 79 82 75 107 108 8 9 87 103 92 89 104 38 29 10 121 76 14 62 97 4 110 117
73 125 18 48 11 88 95 14 76 63 10 47 71 16 121 122 99 97 117 55 118 91 57 7 70 84 102 83 52 116
74 119 6 98 109 4 84 123 86 106 118 99 39 49 47 120 0 116 16 2 102 104 62 63 48 111 97 88 95 64
75 81 80 77 78 79 113 108 92 9 87 103 12 8 107 3 89 82 19 62 72 38 93 110 111 28 124 26 126 97
76 73 18 125 14 95 88 48 119 63 10 71 11 97 99 118 115 121 47 116 57 16 106 60 22 117 122 55 43 13
77 81 80 78 79 8 113 108 75 9 103 12 92 89 87 38 107 82 3 62 13 19 110 72 93 26 28 20 117 76
78 80 81 77 79 113 8 108 75 9 92 103 12 87 89 82 107 62 72 19 3 93 38 110 28 124 25 126 104 13
79 80 81 77 78 113 108 9 8 75 92 12 87 103 89 107 38 62 3 19 82 93 110 72 13 124 28 26 25 111
80 78 81 77 79 108 113 8 75 9 92 103 12 89 87 62 107 19 3 38 72 110 82 93 28 124 13 25 26 0
81 77 80 78 79 113 8 108 9 75 92 103 12 89 87 107 38 62 3 19 82 72 110 13 93 26 28 25 124 117
82 77 78 81 87 79 9 113 80 92 75 93 0 103 72 38 3 8 62 108 19 107 26 12 89 97 13 35 63 110
83 11 91 125 53 7 52 57 118 14 100 73 55 88 47 96 84 18 58 63 71 95 59 50 70 10 56 97 16 121
84 47 63 102 18 88 118 97 95 11 91 125 10 99 2 53 73 14 52 117 0 48 83 122 74 55 71 1 6 57
85 15 5 17 124 94 25 31 28 30 41 65 33 68 126 67 40 101 42 36 45 21 23 27 24 90 64 44 37 111
86 109 54 60 4 116 22 59 104 49 119 105 67 57 74 64 106 76 52 66 123 65 69 98 115 34 50 68 39 13
87 79 80 81 78 77 93 113 75 108 3 107 103 19 9 92 89 62 82 8 12 38 0 111 26 97 110 13 20 117
88 97 63 18 10 117 125 73 47 95 14 118 84 11 76 102 48 121 91 71 57 99 53 52 83 122 2 111 55 104
89 103 8 107 113 81 62 80 108 92 77 79 38 110 19 78 3 12 26 87 93 9 13 117 75 10 97 88 20 32
90 21 40 41 42 64 30 67 69 24 45 36 39 68 33 101 43 46 112 44 63 84 51 95 1 125 48 66 34 55
91 18 125 63 84 57 11 115 83 88 73 10 118 121 47 95 7 102 55 97 71 53 14 96 48 52 59 51 76 122
92 81 80 78 113 79 77 108 8 103 9 75 89 62 12 107 3 19 87 110 38 93 26 13 97 82 88 99 117 20
93 87 107 3 89 103 113 92 19 79 110 62 80 77 78 8 82 38 108 81 18 9 63 75 97 26 117 14 12 20
94 25 28 85 45 101 17 15 5 124 20 24 31 33 126 40 26 46 108 27 43 30 44 69 90 113 32 66 68 35
95 18 125 73 11 48 14 88 76 63 97 84 10 71 47 118 55 91 57 7 52 122 121 16 70 53 117 51 99 59
96 115 51 57 83 91 95 58 100 48 125 70 50 0 120 7 55 67 1 52 73 64 34 11 116 84 56 105 59 60
97 88 10 117 63 18 47 118 14 84 95 73 125 99 102 76 121 48 91 11 2 71 62 19 111 104 38 57 107 53
98 106 16 119 100 74 99 109 120 115 116 6 117 49 102 71 47 60 22 86 118 125 76 10 73 48 104 121 123 66
99 47 102 106 73 97 118 10 18 117 84 98 76 63 115 125 88 52 53 49 120 105 60 74 95 6 48 104 14 121
100 58 98 83 52 70 7 56 120 55 16 125 50 121 11 53 105 109 96 73 59 51 60 47 57 71 14 63 95 18
101 43 67 24 27 66 60 40 68 34 64 54 46 52 65 59 42 55 73 58 57 105 49 71 125 50 7 116 22 30
102 47 10 84 117 99 88 63 97 18 121 106 125 73 91 118 6 115 2 53 1 0 48 52 95 98 59 11 104 14
103 89 8 113 77 81 108 80 78 62 92 110 38 107 79 75 26 13 3 87 19 9 12 93 117 97 82 88 10 32
104 109 86 49 60 114 59 0 22 88 97 99 54 123 105 107 119 116 106 10 57 76 2 6 117 4 62 53 102 121
105 60 109 52 59 56 66 57 54 50 55 34 22 53 58 116 67 64 65 49 86 99 101 51 76 39 104 48 4 73
106 98 99 49 119 115 16 102 46 47 117 73 6 60 76 48 123 10 74 27 86 121 122 97 125 120 104 43 88 18
107 8 89 62 103 113 81 79 3 92 110 108 38 93 80 77 87 19 78 9 75 97 12 104 117 26 88 10 72 13
108 80 79 113 81 78 77 8 103 9 92 75 89 87 107 12 62 3 110 38 19 26 126 93 111 124 20 13 82 28
109 60 54 56 59 105 52 86 116 58 57 50 49 53 22 4 65 66 119 98 104 123 74 34 55 67 64 121 0 16
110 38 103 13 26 62 107 8 89 113 92 108 3 93 20 77 117 23 32 80 81 79 97 78 19 35 12 114 10 4
111 117 88 97 63 118 43 10 27 45 26 24 18 102 20 108 46 6 74 76 87 113 30 40 48 106 101 89 38 125
112 114 39 2 0 91 84 63 90 97 1 118 95 53 88 47 6 14 36 4 21 74 18 123 11 111 82 115 102 125
113 78 79 81 108 80 77 103 8 92 75 9 89 107 87 38 12 62 3 110 19 126 93 26 82 72 28 13 124 25
114 39 112 104 4 97 2 63 84 116 95 14 22 76 74 86 110 18 125 54 88 91 119 49 36 43 99 123 0 103
115 96 91 106 99 76 57 73 102 98 119 125 60 10 118 95 121 86 88 18 51 7 14 71 63 116 48 47 29 0
116 22 4 60 57 109 59 86 65 54 52 13 105 55 66 67 39 34 48 64 50 56 58 61 76 53 73 71 125 98
117 10 97 88 18 102 63 121 125 73 47 99 6 118 48 16 38 14 84 106 111 71 95 76 98 11 53 13 26 110
118 97 88 84 63 18 47 125 10 99 73 11 91 95 14 53 117 76 83 102 52 6 71 74 48 59 111 57 115 123
119 74 98 16 106 76 123 121 109 86 14 115 48 18 116 73 49 60 88 104 95 22 4 122 62 71 6 99 125 39
120 123 98 99 50 100 70 116 106 16 52 47 74 118 49 109 102 96 73 86 125 22 105 117 59 60 58 6 53 4
121 125 117 73 18 71 88 10 16 119 48 6 91 102 97 63 122 76 53 55 11 95 47 7 14 109 123 106 99 57
122 125 48 16 73 71 18 121 55 95 11 14 88 84 76 116 10 123 47 22 106 91 97 63 57 7 70 117 119 105
123 119 120 109 74 106 16 121 122 49 104 116 6 48 4 86 118 84 59 63 54 0 39 98 47 18 60 88 22 91
124 28 25 15 17 126 31 85 5 113 94 108 79 78 80 81 77 9 75 12 8 37 89 40 111 87 103 101 42 20
125 73 18 11 48 88 63 95 14 16 10 47 122 71 55 76 7 121 117 91 118 97 84 57 83 70 52 102 99 53
126 25 28 124 15 31 17 113 108 8 103 94 78 79 89 81 23 80 77 85 75 5 27 107 110 43 46 9 32 26
