0 107 121 93 108 100 92 8 51 74 116 104 103 37 97 18 105 14 4 9 84 6 98 70 115 99 117 119 95 124
1 124 41 44 100 97 27 51 101 60 53 121 43 108 83 57 59 98 119 109 112 16 84 64 116 56 58 103 76 50
2 108 107 9 74 4 91 103 0 7 18 70 97 98 73 92 100 120 96 51 104 84 71 58 8 76 72 114 66 17
3 78 77 81 111 12 2 19 9 80 89 110 72 46 32 75 82 70 45 107 87 28 92 29 79 103 62 112 1 93
4 51 116 66 56 58 37 119 105 50 18 52 109 101 53 69 73 55 34 60 59 17 91 54 102 108 6 117 67 97
5 86 38 15 26 21 58 42 13 54 52 69 17 35 55 109 65 25 116 106 11 34 57 60 4 122 50 68 20 59
6 18 115 73 84 97 7 119 108 71 105 118 91 51 123 53 117 96 14 4 47 59 104 48 16 116 37 99 76 10
7 91 18 84 6 73 96 97 117 53 102 76 11 83 119 47 115 4 70 105 51 63 108 118 48 66 69 68 39 59
8 51 108 105 104 119 18 103 107 97 73 6 98 9 56 0 83 17 116 124 100 76 121 74 60 84 14 16 58 20
9 107 8 35 83 72 6 0 74 100 119 91 117 121 2 18 96 108 73 70 104 14 84 98 97 10 93 114 17 115
10 84 83 95 74 121 6 70 14 7 115 100 51 73 18 71 117 120 11 91 98 123 47 16 124 101 9 118 76 119
11 119 91 106 117 48 76 125 88 73 18 102 97 7 122 63 47 83 116 96 108 84 4 109 101 105 65 59 53 50
12 81 77 72 80 103 104 79 93 121 1 82 92 98 74 62 70 112 75 100 6 97 0 78 108 3 28 84 8 115
13 15 17 20 105 116 109 58 60 25 86 59 38 119 83 55 56 51 50 5 37 102 52 103 11 54 106 76 63 22
14 73 97 101 6 123 71 115 108 84 18 16 95 120 99 10 51 4 119 118 47 64 117 124 65 66 60 8 98 116
15 13 25 55 58 5 69 65 17 86 105 109 56 116 51 8 50 54 52 67 59 60 38 16 4 34 101 37 115 71
16 71 124 96 56 84 51 97 55 6 14 105 4 115 34 119 116 37 60 59 65 58 18 52 118 108 66 100 57 64
17 105 56 51 55 18 119 4 102 60 50 52 109 54 73 58 13 63 20 53 104 108 59 6 116 8 26 97 29 16
18 97 91 73 6 7 119 108 84 76 105 51 59 47 117 4 53 56 11 63 115 17 106 58 96 48 98 116 83 60
19 9 82 93 72 107 3 70 74 92 78 62 80 98 81 28 35 32 75 77 0 100 124 8 112 121 10 41 104 97
20 35 29 23 17 13 8 119 26 123 6 32 7 105 4 86 104 115 25 83 18 113 102 91 106 38 118 84 117 55
21 42 86 85 111 5 46 94 38 36 126 90 78 31 45 40 22 29 106 26 113 39 32 43 13 88 33 20 68 109
22 126 31 13 86 25 90 15 68 39 24 28 20 32 69 64 113 67 30 6 5 29 104 78 92 21 59 65 95 52
23 26 102 119 20 63 118 18 6 17 56 55 69 73 39 91 106 66 116 4 37 104 105 47 59 7 83 52 58 117
24 90 44 41 27 33 43 36 52 30 124 57 1 94 64 65 101 60 59 58 122 97 109 16 67 53 22 28 115 56
25 65 69 15 114 34 67 109 55 119 105 101 64 4 18 116 58 6 59 73 52 66 17 54 50 51 60 56 37 16
26 23 17 5 119 20 110 86 35 48 29 38 106 58 47 104 60 55 102 109 52 116 118 18 6 91 63 56 117 9
27 43 41 33 44 24 57 94 1 36 102 40 124 125 60 64 59 45 97 88 117 101 65 76 53 63 58 122 116 108
28 31 113 41 30 126 44 80 81 82 24 22 1 124 45 29 72 25 27 90 32 77 95 79 100 64 12 94 43 9
29 20 17 113 32 26 82 35 13 86 6 104 106 9 123 80 31 119 102 115 81 44 23 79 28 83 18 7 91 110
30 24 90 41 45 36 44 124 43 1 46 101 28 33 34 31 94 64 95 99 65 40 22 120 27 11 25 14 112 96
31 28 113 22 126 94 41 30 29 32 21 81 36 64 40 13 24 42 44 77 1 25 75 87 95 111 89 39 43 80
32 29 20 35 81 80 113 22 94 6 117 31 9 72 13 75 7 91 104 28 77 82 114 123 5 83 10 79 26 88
33 27 41 43 57 24 44 56 124 52 64 39 101 36 118 102 40 60 109 94 65 125 1 53 97 59 73 67 16 58
34 68 65 67 66 101 69 52 53 58 109 50 59 116 4 64 39 25 56 60 114 57 54 99 16 124 51 105 55 63
35 20 9 32 26 23 119 29 6 4 5 13 18 107 73 91 106 97 10 113 123 83 84 102 11 17 8 117 0 37
36 43 24 94 27 46 33 41 44 40 106 30 60 57 64 68 42 59 88 109 45 58 52 39 101 90 53 48 102 21
37 4 56 66 105 116 51 58 59 109 119 55 50 52 6 16 53 69 64 68 18 73 102 60 84 65 101 97 34 108
38 86 5 109 102 116 60 56 58 52 17 57 106 11 54 13 4 119 65 118 26 48 23 15 21 64 59 105 42 20
39 59 53 68 69 109 116 52 67 34 66 114 58 118 63 101 7 108 56 4 18 65 33 73 106 6 60 16 23 102
40 46 45 41 94 43 27 33 36 42 64 44 30 24 39 49 113 124 31 21 60 68 76 38 1 101 111 85 57 86
41 44 27 43 1 33 24 124 40 94 45 64 36 90 30 125 28 57 60 112 100 53 59 65 101 97 48 31 102 39
42 21 86 111 85 46 94 5 36 38 45 40 126 90 31 43 78 22 106 29 113 26 27 13 24 88 68 41 39 32
43 27 41 33 94 44 24 36 64 1 59 40 124 68 45 60 65 57 125 97 90 88 102 39 58 101 116 48 76 30
44 41 27 24 1 43 33 94 124 90 36 59 63 30 115 97 53 64 57 6 125 102 65 28 60 67 113 101 48 112
45 46 40 41 43 94 27 30 42 36 90 24 44 1 113 28 89 33 21 111 124 31 126 100 120 76 85 38 86 87
46 45 40 42 36 21 111 94 30 85 43 41 27 86 24 90 89 87 31 38 33 120 113 28 44 122 11 3 106 32
47 91 18 73 123 48 76 117 119 97 102 6 106 11 7 122 4 98 99 118 116 58 88 14 68 125 95 108 53 109
48 11 119 96 106 88 91 47 58 117 18 99 109 76 63 6 84 125 102 97 7 116 52 73 122 60 59 115 118 53
49 50 53 56 66 67 52 57 51 60 109 101 65 54 59 68 55 58 34 76 11 105 69 4 91 108 116 64 37 117
50 60 58 52 54 53 56 109 66 55 57 51 59 65 69 4 101 49 68 105 108 34 116 67 73 102 18 17 119 37
51 105 56 121 4 84 50 58 60 18 108 74 55 116 109 53 83 119 59 100 17 101 73 69 8 97 6 98 37 66
52 58 109 56 60 50 54 53 34 101 59 68 65 55 4 57 116 69 49 67 66 102 39 51 108 64 119 17 37 18
53 59 109 50 63 52 58 68 60 67 39 66 57 116 56 34 102 54 125 101 18 51 49 118 105 108 91 69 65 119
54 50 60 52 55 57 56 58 53 65 101 109 119 67 116 59 63 4 51 66 69 118 34 106 102 49 17 68 105 108
55 56 54 50 58 51 52 60 69 17 57 4 105 15 109 65 116 59 16 67 37 66 53 96 119 25 97 34 68 108
56 60 52 58 50 51 109 55 59 57 66 4 54 53 116 105 65 17 37 108 101 49 18 69 119 67 16 102 97 73
57 60 56 50 53 54 109 59 58 52 65 116 101 55 33 66 27 49 117 64 108 34 119 63 102 125 51 67 105 124
58 109 52 50 60 59 56 116 53 68 69 55 51 4 54 65 102 101 108 57 34 66 105 84 96 119 18 67 48 37
59 53 109 58 63 68 56 60 39 116 65 18 50 52 105 67 57 101 66 69 108 51 102 119 34 54 4 106 64 97
60 56 57 50 52 58 54 109 65 53 59 119 51 116 64 55 108 101 68 63 4 67 97 17 18 105 102 34 49 73
61 51 69 4 37 50 58 105 121 66 67 124 55 74 16 49 56 68 15 95 60 70 53 104 59 52 83 116 84 8
62 107 121 112 4 103 74 51 0 93 105 92 100 8 6 37 18 70 104 108 7 83 98 76 12 97 116 56 20 73
63 59 53 118 102 119 18 106 60 125 54 48 56 11 91 7 66 57 109 39 50 4 116 6 73 65 114 105 68 23
64 60 68 67 116 101 34 59 65 53 58 52 57 56 109 43 108 124 25 66 37 41 119 50 16 33 14 97 69 105
65 34 60 69 101 67 25 68 59 58 109 50 52 56 54 57 53 66 105 64 51 55 18 116 124 108 119 73 4 11
66 68 34 4 50 56 53 69 67 116 101 37 59 109 58 65 49 52 105 51 57 54 108 39 118 55 117 63 7 73
67 68 34 69 101 53 65 66 59 64 116 54 56 49 52 109 58 60 39 50 105 4 25 51 55 18 73 108 57 119
68 67 69 34 66 59 53 58 39 101 65 52 109 64 116 50 60 56 4 102 7 49 54 108 37 63 105 55 57 11
69 68 67 65 34 58 66 105 50 109 59 53 55 39 101 56 25 52 51 4 116 73 18 54 60 114 7 37 96 108
70 121 74 98 100 83 84 91 76 97 95 51 18 7 117 10 115 107 73 47 6 11 120 119 0 8 96 14 99 1
71 115 84 16 6 95 14 100 124 97 51 18 96 119 99 118 123 120 60 10 108 83 48 114 1 73 58 59 4 8
72 81 93 80 9 74 12 8 70 121 75 82 6 0 77 18 79 98 107 104 100 76 115 73 97 2 14 95 28 32
73 97 18 91 108 6 119 84 76 7 101 11 14 47 106 118 105 117 51 96 4 56 53 123 116 102 69 98 50 114
74 121 70 100 98 83 51 84 95 76 97 10 18 7 91 107 104 115 0 8 93 73 117 6 124 120 1 16 14 71
75 81 79 77 72 87 80 82 78 12 20 32 113 29 74 31 89 28 35 9 70 121 104 19 22 100 97 1 26 115
76 91 119 117 98 18 125 100 97 73 11 84 70 74 83 47 116 7 48 105 108 106 121 53 51 102 101 115 96 118
77 81 12 82 79 75 78 80 89 72 3 87 32 28 113 35 31 121 29 70 93 111 9 1 22 19 0 74 107 6
78 77 81 3 21 75 22 12 79 104 111 93 86 42 62 6 32 123 20 72 19 31 9 29 5 71 115 28 82 92
79 81 82 75 77 12 72 80 29 78 28 70 104 32 89 121 93 74 31 76 113 100 0 20 92 1 115 98 87 111
80 81 82 72 12 70 77 74 32 113 121 28 93 79 29 75 8 104 98 9 87 20 0 103 35 100 115 10 84 110
81 77 80 79 12 72 82 75 70 32 121 74 28 89 78 29 9 3 104 31 93 8 0 103 113 1 87 100 83 98
82 80 79 81 77 29 70 72 9 28 121 12 75 19 92 98 74 107 35 113 0 32 93 100 112 87 104 31 10 22
83 121 100 117 84 74 70 91 119 51 96 10 76 98 7 18 97 11 102 6 104 95 1 73 115 8 108 105 125 4
84 51 18 83 97 95 96 6 7 73 70 121 91 119 74 71 76 10 58 115 108 98 100 117 16 102 14 48 109 11
85 21 42 86 111 46 126 5 40 32 38 113 94 45 47 123 106 90 26 20 19 36 31 29 22 30 122 35 88 78
86 21 5 42 38 15 13 26 85 20 106 22 29 58 126 54 36 109 17 118 39 25 59 111 113 48 55 52 68 60
87 75 89 80 93 77 72 81 31 46 82 28 12 103 78 113 32 62 45 79 126 30 40 22 29 92 3 19 61 74
88 125 11 48 102 91 122 119 47 117 99 106 76 63 7 53 118 52 18 115 43 27 101 64 68 109 94 73 49 83
89 77 103 81 113 87 27 111 45 1 104 83 29 110 33 121 44 41 79 94 35 84 56 46 31 75 80 28 3 70
90 24 44 30 41 124 43 95 67 64 1 68 22 33 126 45 59 36 109 65 21 120 27 58 101 94 16 86 34 25
91 117 76 7 18 11 119 73 47 97 83 102 96 108 84 70 125 53 106 48 98 6 116 4 122 109 101 88 63 105
92 93 104 0 74 10 108 121 98 100 83 70 62 7 51 6 12 2 107 82 66 91 18 69 112 37 116 23 84 103
93 92 0 104 121 74 72 105 18 100 108 6 51 70 84 115 9 107 124 12 73 103 62 97 80 83 8 10 98 91
94 43 27 44 41 36 40 42 33 45 24 21 88 113 46 31 102 126 59 30 39 68 32 106 90 11 125 86 64 63
95 99 84 74 121 71 10 115 70 97 100 123 98 14 18 124 6 83 51 120 16 47 76 48 122 67 117 96 73 91
96 84 97 48 91 117 7 83 108 16 73 119 58 18 6 109 11 102 55 76 51 116 105 115 69 71 101 59 4 53
97 18 73 84 119 91 96 76 117 6 108 7 14 98 115 70 51 121 11 74 116 56 47 59 95 1 58 60 105 16
98 74 70 121 100 76 97 91 84 51 83 18 73 95 117 47 125 119 6 53 8 48 1 7 109 104 14 108 116 105
99 95 48 18 115 34 47 97 6 14 119 84 123 52 7 122 71 91 101 88 67 117 96 51 76 4 58 116 98 108
100 74 121 70 83 98 76 51 84 1 95 124 71 115 97 117 16 0 119 125 107 10 96 8 91 18 103 6 93 105
101 34 67 65 108 68 109 52 66 50 116 58 53 54 59 73 56 69 57 64 51 60 124 4 14 119 117 105 91 18
102 125 109 119 58 53 91 63 59 11 106 7 88 117 52 56 47 4 17 73 84 18 118 101 60 50 76 96 23 57
103 51 108 8 56 18 104 121 76 60 105 97 119 100 0 83 58 1 4 116 107 50 53 59 6 74 98 13 84 70
104 105 8 6 108 51 18 92 83 103 97 17 116 121 56 119 93 74 73 0 98 7 55 84 53 37 76 91 4 110
105 51 18 69 119 59 56 4 116 17 108 53 73 37 58 6 50 65 109 8 55 104 66 67 101 76 97 60 7 91
106 11 119 48 73 91 63 102 18 125 59 76 47 118 53 109 54 97 60 7 117 6 39 105 58 67 88 17 116 38
107 0 8 121 9 70 100 74 51 4 98 18 103 6 2 97 62 17 104 14 84 73 114 91 76 71 35 105 93 83
108 73 116 18 101 119 51 91 97 105 58 56 60 53 6 59 96 117 50 8 84 109 4 76 104 14 66 52 57 11
109 58 52 53 59 50 60 56 116 102 101 57 65 51 68 4 119 69 66 54 34 39 105 67 108 55 48 38 91 96
110 119 17 108 104 60 18 26 56 23 6 73 84 83 51 52 16 54 97 8 55 76 13 57 105 47 91 102 106 63
111 42 21 46 85 89 86 78 45 3 94 126 40 31 77 79 113 28 38 29 75 81 5 36 32 13 87 22 90 88
112 108 101 1 124 73 98 41 116 62 121 117 7 97 91 53 64 6 39 100 18 59 51 44 125 83 74 43 8 96
113 28 29 31 126 94 20 13 35 80 26 44 27 89 32 41 106 45 22 86 25 24 17 70 82 40 15 6 75 77
114 25 34 39 73 101 108 4 118 69 53 63 18 116 6 52 56 65 66 109 17 64 96 119 67 51 59 105 16 71
115 6 71 18 97 84 95 14 119 117 7 99 120 100 76 16 51 91 123 96 48 73 70 83 105 10 116 108 74 121
116 58 4 109 108 59 119 53 60 66 56 51 101 105 117 52 68 57 67 64 39 54 50 69 91 97 34 37 76 73
117 91 83 119 11 76 97 122 18 96 116 7 73 108 102 6 47 125 48 84 4 101 115 57 66 98 118 53 70 109
118 63 53 123 73 6 119 125 102 59 66 54 106 7 39 18 122 76 114 4 117 47 105 16 23 116 48 57 67 91
119 11 117 91 76 18 73 106 97 60 102 108 116 48 105 4 125 6 63 84 83 109 51 54 56 96 53 59 58 118
120 115 14 97 95 84 71 16 74 70 10 18 99 121 100 96 73 122 98 7 83 37 51 6 124 91 59 123 47 76
121 74 70 100 83 51 98 84 95 97 10 76 18 0 1 119 73 103 107 117 104 91 93 115 8 6 105 7 96 108
122 117 123 91 11 47 88 118 119 125 48 50 76 101 7 102 99 18 54 73 115 65 84 95 109 97 116 106 83 57
123 122 118 47 6 73 14 95 119 115 4 117 18 105 99 84 91 97 76 71 66 50 16 11 54 116 37 48 104 106
124 1 16 101 100 65 51 41 108 44 59 34 95 71 64 57 97 33 53 67 6 96 116 8 105 14 84 43 115 27
125 102 76 88 119 53 11 91 63 117 106 118 109 48 50 98 57 122 18 105 59 100 47 73 83 27 101 7 52 60
126 22 113 31 28 90 94 86 42 21 13 85 25 15 120 30 111 106 24 44 45 43 5 39 68 12 69 67 40 34
