0 107 62 98 3 78 121 103 83 82 120 122 88 77 71 72 9 110 51 81 97 75 92 91 115 70 2 12 4 108
1 124 101 42 36 100 21 70 51 52 16 40 75 108 58 60 43 59 80 121 34 117 47 57 73 8 103 64 65 67
2 73 51 121 98 52 76 3 88 8 18 108 62 10 47 117 50 14 107 101 92 83 58 60 72 4 71 118 34 122
3 98 62 8 72 51 121 47 82 81 73 76 118 58 117 2 52 108 16 71 88 9 80 70 0 7 97 100 60 109
4 108 66 101 34 64 57 52 116 8 58 109 51 60 67 59 39 54 69 50 65 71 56 49 124 121 68 88 92 48
5 38 86 116 59 110 17 15 23 85 39 65 49 114 60 109 53 46 66 56 50 69 54 99 63 45 125 67 94 34
6 88 97 121 48 83 98 51 71 100 18 115 70 7 76 122 73 63 84 123 120 117 10 95 91 14 96 11 102 4
7 125 70 76 98 51 47 73 121 95 88 6 58 18 52 117 101 8 11 97 118 108 12 83 119 34 124 72 3 100
8 108 47 51 101 52 118 73 4 76 121 72 58 98 60 117 3 80 34 70 100 16 18 92 88 7 12 125 83 62
9 82 75 108 70 58 72 52 8 60 51 80 3 121 12 98 101 47 117 7 59 62 81 69 88 109 92 118 49 4
10 63 14 121 122 64 91 123 52 96 50 65 120 124 51 66 49 6 4 115 116 34 21 60 59 73 2 54 58 101
11 118 58 52 47 76 119 18 51 70 16 101 7 97 73 98 117 100 14 34 8 124 80 121 109 108 82 6 90 57
12 108 51 92 101 72 58 52 8 34 80 47 7 60 118 125 98 121 4 117 66 109 18 73 69 76 65 67 88 49
13 109 97 5 26 17 35 23 49 39 108 12 62 91 55 59 20 110 58 114 92 18 32 50 107 69 4 105 14 52
14 121 73 98 10 58 16 117 51 70 18 97 101 52 88 120 71 76 108 11 6 100 123 47 49 63 83 8 2 12
15 46 17 86 94 24 44 45 27 85 41 37 5 22 53 59 28 126 31 33 50 56 111 30 69 54 13 38 66 55
16 70 121 58 14 108 47 101 8 124 100 117 73 51 52 98 11 1 76 63 97 18 49 3 57 71 34 60 83 61
17 15 86 94 46 45 27 5 37 44 24 22 85 126 28 31 41 59 13 120 30 53 69 32 35 55 50 33 43 96
18 121 100 83 88 73 98 51 47 6 70 11 118 76 7 117 52 8 14 58 107 91 108 71 97 122 16 101 2 123
19 107 93 20 92 88 121 83 84 122 104 6 62 75 18 71 48 97 61 9 99 96 74 29 2 32 77 95 114 87
20 29 38 23 116 104 4 35 39 90 66 13 49 64 109 85 84 91 99 108 40 65 110 19 111 122 50 88 48 26
21 36 42 40 43 124 33 1 69 10 67 30 68 112 27 102 101 41 70 16 64 117 53 59 75 63 57 123 85 126
22 111 37 85 46 94 86 17 15 24 28 45 41 31 113 44 5 33 27 105 77 126 35 106 13 29 114 32 102 78
23 110 5 35 96 116 92 125 29 63 4 26 20 38 115 65 120 50 18 49 48 59 91 13 12 39 54 57 6 97
24 46 94 44 15 85 41 27 45 86 111 17 22 33 28 5 37 30 43 114 53 90 106 126 13 39 87 113 54 35
25 58 64 31 60 28 51 66 55 109 49 59 126 65 90 69 52 10 53 34 80 50 56 6 67 54 68 122 101 115
26 110 23 4 109 72 114 13 97 84 29 121 89 66 49 53 18 120 116 54 56 115 20 55 50 91 59 71 48 62
27 44 45 41 94 85 46 24 15 33 30 17 86 43 36 53 42 21 69 111 28 22 90 5 37 112 68 126 39 102
28 31 37 126 85 32 25 17 22 120 91 113 15 96 46 111 6 63 41 45 77 30 27 74 24 94 29 43 78 79
29 20 63 35 23 116 4 91 66 114 96 104 115 26 48 120 65 59 39 109 85 10 57 82 84 6 90 49 54 62
30 43 33 27 85 41 42 90 36 94 63 40 126 64 21 124 17 46 59 15 39 28 100 65 24 74 44 111 91 37
31 28 37 126 25 17 59 22 91 50 15 120 77 63 96 64 54 32 10 116 78 66 6 85 58 29 60 51 1 30
32 77 28 91 48 37 113 78 6 110 120 23 13 81 96 97 31 116 35 79 17 75 105 106 126 62 63 5 84 85
33 41 42 27 36 85 44 43 30 21 40 94 46 111 45 24 90 86 15 124 22 112 17 39 102 28 37 53 10 1
34 52 101 66 60 65 67 51 57 108 58 56 109 4 68 49 59 69 64 54 53 124 50 116 55 8 39 73 38 125
35 23 29 20 62 13 5 95 38 125 90 37 32 116 91 40 111 106 104 85 7 17 59 122 12 96 66 120 99 22
36 42 43 21 33 1 124 40 101 30 41 90 27 69 102 67 85 39 44 94 112 16 70 100 65 108 10 64 117 57
37 28 31 22 15 17 85 126 120 46 96 32 86 111 77 113 91 45 41 94 35 24 74 27 10 63 78 29 55 25
38 116 59 65 5 60 66 109 50 68 67 56 34 64 54 49 69 58 52 86 110 53 104 55 63 108 20 101 51 125
39 101 116 4 65 108 109 49 64 90 34 66 57 69 67 54 50 56 59 114 40 5 53 110 60 52 38 68 84 112
40 124 42 21 43 33 36 39 90 1 101 41 112 85 30 65 5 108 20 23 70 114 116 35 16 105 59 38 29 4
41 44 85 27 46 33 94 24 45 86 15 43 111 30 22 17 40 36 42 53 37 21 28 5 112 126 113 69 102 68
42 36 43 33 21 40 124 1 90 101 30 16 41 27 44 70 69 85 100 75 57 125 97 65 63 10 102 117 45 108
43 36 42 30 33 21 40 41 27 44 90 1 124 85 94 16 102 117 69 126 63 45 28 24 46 111 101 17 100 113
44 45 94 27 41 46 24 15 86 85 33 17 43 53 42 69 22 90 36 102 111 30 5 40 68 37 28 39 56 67
45 44 27 46 94 15 24 86 85 41 17 53 22 33 5 37 69 28 111 90 106 68 43 67 102 42 56 55 36 66
46 15 86 94 24 44 45 41 85 27 17 22 111 53 33 5 37 56 28 30 68 126 69 43 31 54 59 50 66 55
47 73 8 51 70 52 98 76 7 101 121 117 118 108 18 58 11 16 3 124 34 109 80 100 49 88 60 12 125 72
48 97 6 71 91 83 88 121 122 4 115 84 117 123 110 96 32 120 63 51 116 104 106 98 23 57 18 29 62 95
49 60 65 57 109 59 58 52 64 34 56 53 66 67 55 50 54 68 69 108 51 39 116 101 4 38 90 117 47 5
50 54 59 109 56 65 60 66 64 116 57 53 49 58 34 55 67 52 68 38 4 69 108 39 51 10 101 114 91 5
51 52 98 73 58 121 101 108 60 34 76 47 8 70 118 117 88 83 7 57 4 124 6 100 80 12 18 49 66 71
52 51 58 34 60 57 101 73 108 65 59 109 49 67 118 47 8 4 56 69 117 54 124 66 98 76 70 50 64 121
53 56 68 59 57 60 54 66 109 67 64 55 69 49 50 58 34 65 86 52 45 46 101 38 5 116 39 15 108 44
54 50 57 56 59 109 66 64 60 53 65 116 58 55 34 68 52 49 67 4 108 69 38 39 51 101 114 86 8 5
55 60 109 58 67 53 68 49 59 64 54 56 66 65 50 34 57 69 108 52 51 116 38 25 117 4 120 5 71 101
56 53 59 54 57 60 50 65 67 64 58 34 68 109 66 49 52 55 101 69 116 38 4 108 39 51 86 124 5 90
57 54 56 52 53 49 58 34 60 59 64 101 66 50 65 4 109 67 51 68 108 55 69 116 39 118 124 73 8 117
58 52 60 59 51 109 108 57 64 34 101 56 49 66 55 65 54 69 53 50 4 76 67 68 124 8 11 117 73 98
59 60 56 50 54 109 53 58 65 66 64 49 57 52 67 38 34 69 55 68 116 101 108 5 4 124 51 39 63 1
60 58 59 52 67 109 56 34 65 49 55 64 54 50 53 66 51 57 69 68 108 101 117 38 4 8 116 73 124 98
61 52 108 60 67 16 101 51 124 58 47 4 59 8 70 49 100 69 57 73 109 55 126 117 121 25 34 102 56 92
62 3 121 108 98 71 51 107 8 88 83 0 58 2 70 122 4 84 52 97 76 18 7 35 60 104 75 12 116 9
63 10 91 115 116 66 6 59 29 4 64 16 38 96 67 108 65 69 30 14 58 95 23 60 5 48 51 50 34 120
64 66 65 68 54 60 67 59 50 56 109 58 53 49 57 4 108 69 55 34 101 116 52 39 38 51 10 124 25 8
65 64 67 59 50 60 34 49 66 54 56 109 52 38 57 58 69 68 55 101 53 116 39 124 108 51 4 90 5 10
66 64 68 109 54 34 59 50 69 65 60 67 116 53 4 58 56 57 49 52 55 38 101 108 51 39 63 125 8 10
67 60 69 65 68 34 64 56 66 55 53 59 52 109 49 57 58 54 101 108 50 4 38 116 39 90 51 124 86 80
68 66 53 64 67 69 60 56 34 55 54 109 59 65 57 58 50 49 38 116 4 108 86 101 52 39 90 95 21 5
69 67 66 68 60 53 34 59 64 101 52 58 109 65 108 56 49 55 4 57 50 51 54 39 38 90 124 21 63 5
70 121 98 47 51 7 16 73 117 100 52 101 108 97 88 8 76 83 119 124 6 18 58 118 14 11 1 125 71 75
71 83 121 97 122 123 88 48 100 6 51 4 98 84 73 62 115 108 18 70 118 14 117 76 8 3 16 124 116 101
72 8 80 82 108 3 12 51 58 52 34 101 60 4 49 9 109 124 47 121 75 59 100 7 66 76 118 117 73 18
73 51 98 76 117 121 47 52 118 70 8 7 88 97 100 101 14 124 58 18 108 83 34 2 60 16 71 6 3 11
74 120 115 96 97 84 99 102 71 123 6 83 122 106 126 98 28 55 48 37 30 88 26 14 95 110 23 121 91 32
75 9 108 101 121 1 70 124 72 100 8 98 82 88 125 51 83 18 97 12 76 107 7 84 92 71 62 117 80 16
76 73 51 98 88 118 7 121 47 58 8 52 108 101 70 117 11 6 97 18 84 3 16 100 124 4 83 14 2 107
77 81 32 78 113 37 31 111 28 105 0 62 22 107 80 103 3 91 124 2 79 13 93 14 9 1 98 51 48 82
78 77 81 91 0 113 32 3 62 31 79 37 122 28 103 22 105 29 120 35 1 82 121 48 84 13 104 9 124 12
79 32 78 103 95 28 91 84 96 75 77 120 74 0 9 35 83 122 115 1 88 31 82 99 6 29 106 125 113 85
80 51 72 8 52 109 108 101 34 58 47 82 118 12 60 73 67 1 11 9 92 76 3 69 100 124 4 90 49 121
81 77 3 78 82 9 62 80 72 32 107 121 100 83 0 91 18 124 70 113 93 103 71 1 2 12 13 58 88 8
82 9 72 3 80 52 58 8 98 70 76 75 11 51 117 124 81 60 121 73 7 118 109 0 101 4 16 47 108 12
83 71 121 122 88 123 100 51 6 98 18 97 48 84 73 70 52 115 120 118 4 91 8 108 76 96 7 58 47 62
84 88 123 121 83 122 71 106 6 76 97 48 120 74 96 98 4 51 125 115 104 18 62 39 108 102 75 95 26 92
85 41 46 27 24 94 111 44 86 33 45 15 22 28 37 30 17 5 43 40 39 36 20 90 42 29 126 35 21 91
86 46 15 94 17 24 45 5 44 85 41 53 22 27 68 38 67 54 56 111 59 66 69 65 116 50 37 33 109 64
87 113 111 122 93 24 123 99 28 19 81 95 91 74 43 79 30 96 126 27 41 83 33 78 115 120 26 102 85 40
88 121 98 83 84 6 76 123 51 71 122 97 73 18 70 120 48 7 117 108 8 4 118 100 14 47 58 52 107 92
89 110 104 62 26 48 96 91 93 71 35 121 2 88 123 122 10 120 6 97 115 98 3 100 105 113 63 14 116 83
90 101 39 42 67 34 65 49 69 40 43 109 108 30 57 124 66 52 80 36 25 60 56 33 68 11 100 47 59 1
91 96 122 63 48 120 123 121 10 83 18 115 6 4 50 100 99 88 32 116 78 28 59 29 31 71 110 23 105 113
92 108 12 51 8 4 121 107 88 118 52 23 101 34 76 18 98 73 80 83 47 109 125 2 117 58 124 7 70 60
93 19 89 81 107 62 122 77 35 121 71 87 84 9 6 110 88 26 70 96 95 113 104 83 115 2 123 16 18 29
94 46 44 24 15 27 45 41 86 85 17 22 33 30 5 43 53 111 37 69 28 36 90 39 68 42 56 31 66 102
95 7 115 125 99 6 88 120 98 63 76 66 68 96 84 101 117 35 48 51 73 124 60 4 34 64 116 58 75 9
96 120 91 115 99 122 123 74 10 23 84 83 63 6 48 116 37 106 50 28 29 102 125 110 88 65 95 59 5 54
97 71 121 6 48 117 98 88 73 83 70 76 100 51 14 7 84 74 11 115 18 16 120 102 123 58 118 3 12 62
98 51 121 73 88 70 117 76 47 7 83 6 120 97 3 52 8 58 18 14 118 100 125 108 71 62 2 16 101 60
99 115 96 95 74 91 120 5 63 116 20 38 123 122 10 23 64 35 85 48 40 65 110 60 106 59 68 30 126 113
100 121 18 83 124 71 70 118 73 51 6 101 8 1 117 98 16 97 108 52 122 88 119 47 123 76 11 115 91 14
101 108 34 52 51 124 58 4 8 39 60 57 69 64 47 66 1 65 90 67 56 59 70 73 109 76 118 100 121 12
102 115 74 97 67 120 6 71 96 117 84 69 36 55 21 123 48 43 4 44 88 61 126 39 90 56 100 121 16 83
103 105 113 1 0 120 124 98 79 51 83 122 77 32 81 91 12 14 121 71 88 40 78 107 60 117 101 48 34 100
104 38 84 4 116 106 88 110 101 20 109 48 108 58 51 57 60 62 115 89 29 54 52 59 76 56 71 50 8 114
105 103 110 65 38 91 4 23 124 63 39 116 113 5 120 107 34 77 13 109 40 49 22 32 59 52 2 50 84 48
106 84 123 88 104 110 96 115 48 97 122 71 39 74 120 23 116 6 20 45 32 91 35 29 75 66 4 109 105 22
107 121 18 92 62 98 88 0 76 4 19 83 8 2 110 51 75 125 70 47 108 3 100 71 84 23 6 105 97 13
108 101 8 4 51 58 52 34 60 64 124 12 57 92 69 67 66 47 109 76 70 59 121 49 116 118 39 125 73 72
109 66 59 60 54 50 58 49 55 65 64 34 56 53 52 67 57 69 68 116 4 108 38 101 51 39 80 47 110 5
110 5 23 116 114 109 38 105 49 89 48 26 39 4 50 106 104 107 59 54 91 115 96 71 32 13 66 97 20 84
111 85 24 22 46 41 33 86 37 94 28 113 77 15 27 20 45 44 35 30 43 40 32 87 91 90 13 17 29 106
112 40 39 108 21 124 123 36 41 101 57 33 27 116 72 75 42 125 68 4 85 53 83 1 56 54 64 20 16 67
113 103 28 77 78 91 111 32 22 37 105 96 1 122 41 81 43 115 48 29 99 42 31 106 110 87 40 85 33 0
114 116 39 110 54 5 50 4 109 71 26 29 66 57 38 13 91 104 40 83 107 48 23 90 65 122 20 64 105 96
115 99 96 74 6 63 120 122 95 123 83 71 48 102 97 91 10 121 100 88 116 84 4 23 98 106 14 108 110 64
116 66 54 50 38 4 39 64 109 59 5 65 34 114 108 60 68 56 57 49 63 67 101 110 55 53 58 23 51 8
117 73 98 51 121 52 60 97 70 47 58 8 76 108 88 14 100 16 18 7 124 120 118 49 101 11 3 48 6 57
118 73 76 51 52 8 11 119 47 100 121 108 101 98 58 70 18 57 34 88 83 117 7 80 3 71 92 12 4 124
119 118 70 11 100 7 47 121 18 98 12 8 108 125 51 101 71 73 3 65 52 124 83 109 16 1 57 97 58 90
120 96 74 98 91 88 115 83 123 122 117 60 14 6 10 121 84 37 51 95 59 99 97 55 102 48 28 50 71 58
121 88 83 98 18 100 71 51 70 73 97 6 122 117 14 76 7 47 8 123 52 118 108 16 84 62 58 101 124 48
122 83 123 121 71 91 88 84 96 10 48 6 115 100 120 18 4 116 62 54 51 64 50 14 106 98 63 97 39 74
123 122 88 83 71 84 121 91 96 10 115 120 4 100 106 6 18 14 48 64 108 97 73 74 66 98 51 76 72 58
124 1 101 108 40 52 42 100 34 51 58 21 73 65 59 121 70 60 16 36 47 4 117 57 64 10 67 76 69 75
125 7 51 108 98 34 52 101 66 95 8 70 58 47 12 88 38 84 121 4 23 57 76 60 54 59 92 75 5 50
126 28 31 37 17 25 30 120 15 96 59 74 63 55 50 85 64 61 43 32 41 116 21 46 60 102 22 91 10 54
