0 3 92 104 107 2 19 113 110 93 112 62 13 31 61 80 34 81 22 37 69 26 87 8 103 126 32 25 85 78
1 104 25 34 13 69 61 31 126 37 68 112 28 22 92 113 4 94 90 65 116 35 12 107 81 105 23 101 8 15
2 107 3 19 0 112 62 92 113 87 104 110 80 81 93 103 79 77 12 78 9 26 32 61 8 75 82 13 25 1
3 19 0 2 107 92 62 93 104 112 113 81 8 110 87 103 80 79 77 12 61 85 9 78 13 22 31 69 75 34
4 25 108 37 20 13 126 28 31 15 61 22 26 35 1 34 69 112 78 79 104 23 8 113 111 101 12 90 30 29
5 17 116 86 39 38 89 36 44 109 59 50 42 67 40 24 65 82 124 33 21 64 43 114 41 94 27 45 30 66
6 115 56 71 14 98 11 7 99 51 121 100 120 57 70 76 47 96 119 10 117 122 95 54 102 55 84 118 88 60
7 76 47 98 95 56 14 51 88 118 121 48 71 60 119 91 122 10 102 96 99 120 100 57 6 125 63 74 11 97
8 103 93 78 75 77 113 79 92 87 72 3 12 104 81 9 22 82 69 80 23 28 37 29 31 19 20 0 38 13
9 72 75 87 77 79 12 103 78 82 86 93 38 80 8 81 92 89 116 24 40 2 3 0 104 23 17 124 42 19
10 76 99 95 14 7 98 47 56 60 51 121 71 88 96 118 57 122 119 100 102 91 6 48 11 83 63 120 58 115
11 51 100 6 121 118 57 7 119 120 98 14 76 115 70 10 95 56 47 71 99 102 96 55 60 48 122 88 91 74
12 77 75 103 80 78 9 79 87 72 93 104 81 23 40 92 89 45 82 8 24 113 43 110 86 124 31 33 26 42
13 31 37 34 22 28 126 25 61 69 113 110 104 112 1 92 0 4 15 108 32 90 111 81 26 62 68 103 94 77
14 7 76 98 47 95 96 10 56 99 88 118 121 51 119 71 57 102 122 6 60 91 48 100 11 63 120 83 115 74
15 20 26 35 25 4 13 61 37 28 31 23 1 32 126 33 22 108 79 110 36 45 89 8 112 42 24 43 69 75
16 123 97 58 73 7 47 74 98 48 122 76 91 95 84 118 71 60 102 88 56 51 14 57 96 121 83 106 119 120
17 5 86 116 89 38 124 82 40 43 39 36 44 50 42 24 59 109 45 27 33 29 72 23 41 66 75 65 30 21
18 52 49 46 63 125 53 6 10 84 118 56 14 71 121 76 47 95 99 120 98 88 117 122 115 50 57 58 7 59
19 3 107 2 62 0 112 92 93 110 113 104 81 87 8 80 103 12 32 85 61 77 13 79 78 22 31 69 9 37
20 15 4 35 29 26 23 108 37 8 30 24 21 111 22 44 43 126 38 42 89 78 45 105 116 61 28 79 124 41
21 41 30 44 42 24 45 27 36 111 33 43 64 101 94 65 60 116 90 40 109 124 58 5 100 105 119 67 50 91
22 37 34 126 31 69 28 13 113 108 66 104 112 105 61 25 0 1 92 4 68 101 111 8 110 65 81 80 90 62
23 78 89 38 29 12 82 116 75 86 17 72 8 35 20 77 43 79 103 4 1 28 15 9 105 45 30 36 124 33
24 42 45 27 44 21 40 33 41 43 86 111 36 30 116 124 75 5 17 38 89 105 50 12 94 72 103 59 82 29
25 61 13 31 37 1 4 22 26 34 15 68 126 28 110 108 104 90 112 92 35 113 62 69 32 94 85 107 0 111
26 35 113 110 32 15 25 61 104 4 20 0 92 13 78 62 79 12 108 107 112 31 90 37 2 103 36 8 80 77
27 45 24 42 40 33 41 21 43 44 36 30 111 86 124 116 59 89 17 75 94 50 109 5 82 65 105 101 29 64
28 126 37 22 31 34 69 13 108 113 105 112 1 66 4 104 25 61 90 111 8 68 94 29 35 80 101 12 30 15
29 116 38 105 23 20 17 86 30 66 24 8 45 82 72 41 5 111 27 44 126 42 28 89 33 36 40 21 75 108
30 41 21 44 111 36 45 43 105 42 27 24 33 116 64 101 91 58 90 94 40 60 108 109 86 100 65 98 51 55
31 37 22 34 28 69 126 13 113 25 61 104 112 108 1 0 68 110 4 92 90 94 66 111 8 80 12 62 81 105
32 110 26 113 13 80 104 62 25 87 92 35 19 12 112 0 77 31 61 37 2 15 22 34 107 126 79 4 108 28
33 45 41 42 27 36 40 24 43 44 21 86 30 89 116 59 75 124 109 50 5 38 82 17 111 103 39 72 65 12
34 22 37 126 69 31 28 13 113 104 66 68 108 105 1 65 101 112 94 61 90 25 111 0 92 110 80 85 81 4
35 26 15 20 4 23 25 37 28 78 1 13 32 126 61 104 12 77 92 22 113 105 42 43 24 31 110 21 103 79
36 41 44 33 43 30 21 42 45 5 24 40 59 116 50 27 109 91 64 90 65 124 17 11 94 39 89 111 86 67
37 22 34 31 126 28 69 13 113 108 25 61 104 4 112 1 92 66 105 110 0 101 68 65 111 81 8 35 94 20
38 116 86 17 5 89 72 82 23 29 124 39 9 66 75 33 24 45 44 109 40 42 43 30 36 41 111 65 105 8
39 86 5 116 17 38 36 67 94 90 64 109 68 65 55 89 91 51 21 40 44 111 105 33 124 100 56 14 114 99
40 27 45 24 41 86 33 43 42 75 17 36 89 124 44 5 82 21 30 116 78 12 94 72 59 105 50 103 38 109
41 30 21 45 33 43 27 36 40 42 24 44 116 65 105 111 64 94 124 86 109 101 90 67 17 89 5 126 38 58
42 24 44 27 45 33 21 40 36 41 43 30 124 86 5 89 116 75 111 17 50 82 38 64 109 105 65 59 94 101
43 41 45 36 40 33 24 27 44 30 42 21 50 89 124 17 86 116 109 59 75 82 5 111 12 38 64 23 105 72
44 42 21 24 36 30 43 50 41 33 27 111 45 5 109 116 86 59 40 124 17 64 119 100 101 60 91 48 38 105
45 33 27 41 24 42 40 43 21 36 30 44 111 86 124 116 75 89 65 12 17 94 38 109 59 105 5 82 103 29
46 52 18 49 53 63 125 14 118 6 120 95 88 10 59 50 56 121 76 57 119 122 47 115 84 99 71 83 58 7
47 98 7 76 95 118 88 56 71 14 60 121 48 10 51 122 102 91 119 96 57 99 74 120 100 63 123 6 125 97
48 7 95 98 47 91 76 74 88 118 122 102 51 119 60 121 14 97 56 71 96 55 10 73 57 123 120 99 11 58
49 52 18 53 115 6 46 117 125 76 56 54 95 84 63 96 47 118 10 74 55 11 120 59 71 121 98 60 57 100
50 59 109 44 43 89 18 36 5 49 52 17 33 82 42 21 24 86 27 40 53 63 75 46 41 116 30 125 114 45
51 98 121 7 120 11 95 47 14 76 102 57 10 88 74 100 55 119 48 118 122 6 96 60 115 56 91 99 71 70
52 18 49 46 53 125 118 63 120 121 95 88 115 6 122 60 56 76 14 98 10 84 71 47 50 57 7 11 58 59
53 115 117 121 96 54 49 100 120 6 88 11 118 52 51 60 57 98 70 125 56 76 7 14 10 95 63 18 71 73
54 56 6 96 117 99 71 115 98 55 7 73 14 76 123 91 10 51 48 95 119 47 11 53 121 88 57 84 60 118
55 51 121 115 48 91 96 7 119 74 98 76 6 95 47 54 11 14 57 100 56 120 102 90 122 88 118 10 70 71
56 99 98 7 47 76 71 95 14 10 118 88 96 6 60 121 119 84 91 51 102 122 123 120 48 100 54 57 63 11
57 51 14 47 98 121 76 7 95 11 88 10 100 6 120 115 56 118 96 99 70 102 74 48 71 91 122 60 119 84
58 7 123 83 98 47 56 10 122 76 74 60 16 99 71 95 84 96 121 14 51 48 118 100 91 63 102 88 119 106
59 50 109 89 36 5 49 18 33 44 82 52 43 17 27 86 40 116 45 21 6 24 75 53 42 46 41 114 63 38
60 88 7 47 95 118 98 76 121 10 56 100 14 120 51 71 48 99 102 119 96 122 115 91 57 74 123 63 58 6
61 25 13 31 37 104 22 1 34 0 113 4 126 68 28 26 112 108 92 69 107 15 110 62 90 85 111 3 19 35
62 19 92 107 2 3 0 112 104 113 110 80 61 32 25 13 34 26 22 87 31 81 37 12 126 103 77 8 69 1
63 7 47 118 76 98 14 125 120 56 95 121 10 88 71 60 99 119 100 6 51 96 57 122 48 102 58 83 11 117
64 67 60 123 58 7 47 91 98 83 95 99 10 90 74 114 76 56 14 115 65 118 51 71 88 119 96 121 106 100
65 101 94 67 64 90 66 116 41 21 55 68 34 36 70 119 10 105 54 11 14 111 6 5 99 71 83 95 51 60
66 65 34 126 116 69 105 22 68 124 38 28 101 108 37 64 90 17 31 94 29 5 111 113 36 21 30 41 112 39
67 64 114 60 99 10 65 94 90 96 56 71 54 6 7 84 119 115 51 95 102 55 98 14 47 121 100 11 57 122
68 34 94 65 66 90 69 31 1 25 116 39 101 111 61 67 22 124 113 126 37 5 105 21 112 13 28 85 30 38
69 34 22 37 28 126 31 13 66 113 1 68 112 104 108 105 92 61 0 8 65 101 111 25 90 85 94 4 81 80
70 6 11 57 51 100 121 119 7 96 120 14 102 98 122 47 99 56 115 71 83 95 76 10 55 60 91 74 117 97
71 98 56 47 7 99 118 14 95 76 6 10 88 121 119 60 96 123 48 122 102 51 84 100 125 91 57 54 11 120
72 75 9 77 79 87 103 86 78 82 38 12 8 89 40 93 116 17 24 23 33 80 5 124 29 81 45 42 109 43
73 97 96 7 48 47 98 76 88 95 102 16 54 14 91 118 122 51 60 71 119 10 115 121 99 56 117 6 123 57
74 48 98 47 51 95 76 121 7 88 120 118 123 91 57 55 122 56 102 14 71 58 60 96 100 10 119 115 11 106
75 72 87 103 9 79 78 12 82 77 40 89 86 93 8 24 33 42 43 38 45 23 27 116 17 80 59 124 50 5
76 7 47 95 98 56 14 118 10 88 121 48 51 60 122 71 91 100 119 96 57 102 99 74 120 6 63 11 125 84
77 87 72 9 79 12 103 75 80 78 81 8 82 104 92 93 86 23 13 3 116 2 38 89 113 19 32 35 62 112
78 75 79 87 12 72 77 103 9 8 23 82 93 89 40 80 124 86 104 26 92 17 4 35 116 2 42 38 43 0
79 75 87 72 77 78 9 12 103 93 80 8 82 104 81 92 108 86 3 26 124 2 4 23 38 40 0 33 19 89
80 81 12 77 104 113 79 92 93 87 103 0 9 2 78 110 62 34 112 32 75 8 3 124 72 22 37 31 19 107
81 80 104 92 77 113 93 103 12 112 0 3 79 19 2 8 107 108 34 87 13 37 22 9 69 31 72 62 110 1
82 89 75 17 72 86 116 9 78 38 59 87 103 40 77 5 79 12 33 43 50 23 109 124 42 8 27 44 45 24
83 58 14 10 76 99 100 88 47 119 7 95 98 60 96 56 121 51 102 123 118 91 48 57 63 71 122 70 6 84
84 56 99 47 71 98 76 7 6 95 10 122 14 57 102 58 96 123 121 100 125 88 119 118 60 51 11 83 48 91
85 106 16 90 101 57 97 51 74 94 55 126 120 11 34 95 48 7 70 73 121 123 92 91 112 98 69 47 61 68
86 38 17 5 116 40 39 72 24 33 82 89 75 45 109 43 42 44 9 124 41 36 27 30 59 29 50 23 78 111
87 75 77 9 79 103 78 72 12 93 80 82 8 2 92 3 124 81 104 40 0 19 86 32 62 89 24 112 33 45
88 118 95 60 47 98 121 76 7 14 120 48 96 56 122 51 102 119 71 100 10 115 57 99 74 91 63 123 6 73
89 82 17 116 59 5 86 38 43 75 50 40 33 23 109 42 36 78 124 45 12 27 72 24 44 41 39 103 21 9
90 94 55 64 91 67 51 60 121 119 47 7 65 70 96 57 76 14 100 95 48 98 115 88 71 122 102 54 97 99
91 7 48 98 47 76 14 56 102 51 99 95 10 88 97 96 74 55 60 119 122 118 71 121 57 100 123 73 54 11
92 0 104 3 62 2 107 113 19 81 80 112 13 93 103 8 110 12 31 37 87 77 34 69 22 61 1 79 25 85
93 103 79 8 104 3 19 87 75 0 78 12 81 80 92 9 113 72 110 77 124 2 82 24 40 107 112 20 62 111
94 90 65 67 64 55 57 60 119 115 51 11 121 100 14 95 88 91 101 21 6 10 96 76 70 54 71 118 47 98
95 7 76 98 47 88 118 14 10 48 56 60 102 51 119 121 71 122 96 120 99 74 57 100 91 6 63 11 123 125
96 14 102 7 122 47 98 95 88 76 56 118 10 51 115 119 71 99 73 6 121 48 60 91 117 55 57 54 120 97
97 73 7 48 47 91 98 102 122 16 96 76 95 88 14 51 123 60 118 119 56 10 121 71 99 74 57 120 70 58
98 47 7 95 71 76 118 51 56 88 121 14 120 60 10 48 91 102 99 74 122 96 57 119 6 100 123 11 125 63
99 56 10 71 14 7 98 47 76 95 6 119 102 122 88 96 121 91 84 51 118 60 100 123 57 54 11 83 48 63
100 121 76 120 7 115 11 51 98 60 88 47 6 57 95 10 56 14 119 99 118 71 70 83 91 63 102 96 74 55
101 65 111 90 21 94 64 30 67 108 105 55 70 34 7 95 84 100 83 91 10 51 66 41 58 11 120 36 44 119
102 122 95 96 7 47 51 98 14 48 119 88 76 121 118 99 56 91 10 71 60 120 97 6 57 74 11 70 73 84
103 75 8 87 12 72 77 79 9 93 78 81 82 80 92 104 3 113 40 33 24 86 89 2 45 19 13 38 0 62
104 113 92 0 81 80 13 93 34 1 3 110 112 31 107 22 37 12 61 62 19 69 126 2 28 77 79 103 8 26
105 111 30 126 34 41 66 101 116 65 29 22 28 64 69 21 37 90 24 94 44 40 36 108 45 124 39 42 27 68
106 95 7 76 123 47 10 98 74 14 99 58 56 118 122 91 88 119 57 71 121 102 48 60 51 83 96 120 64 100
107 2 3 0 19 112 62 92 104 110 113 61 81 80 13 26 1 25 31 93 87 37 69 22 34 32 103 68 126 85
108 126 37 34 22 101 28 4 111 31 30 69 113 66 21 105 61 13 25 112 90 81 104 20 79 41 65 24 124 26
109 59 50 5 86 44 36 89 43 33 21 41 116 17 30 39 82 49 125 38 63 18 45 27 40 10 53 114 84 42
110 113 32 13 0 19 104 112 26 107 31 92 2 80 62 3 34 93 37 25 22 61 12 126 81 28 69 103 85 87
111 30 101 21 44 105 24 45 27 124 41 116 108 42 65 36 94 90 34 43 68 33 64 100 22 126 86 40 31 37
112 107 2 19 113 13 104 0 3 110 92 126 31 34 37 62 22 28 69 81 1 61 80 108 25 85 68 4 66 26
113 104 110 34 13 22 31 0 37 92 112 126 80 81 26 69 28 19 107 8 62 3 2 61 108 93 103 68 12 32
114 67 64 60 7 98 47 56 57 71 76 10 125 121 118 99 51 100 11 63 14 6 88 95 120 119 84 91 96 122
115 121 6 100 120 96 88 51 53 55 11 7 98 57 60 118 95 76 47 14 54 10 71 99 119 117 56 74 122 70
116 38 17 5 86 89 82 29 65 39 36 41 124 30 44 66 24 43 45 33 111 105 42 21 40 109 27 94 67 68
117 6 96 54 115 53 57 63 102 120 98 56 73 122 51 70 14 71 76 7 11 47 10 121 95 48 99 88 118 119
118 88 98 47 76 95 7 60 121 14 71 56 48 119 122 96 51 120 11 102 10 63 99 74 125 100 57 115 91 123
119 7 95 14 47 76 122 118 102 98 51 121 88 48 56 71 99 96 11 10 6 60 100 91 120 55 70 57 83 63
120 121 98 51 88 7 95 100 118 47 115 60 6 11 76 56 74 57 14 63 102 119 122 96 71 10 48 70 99 55
121 51 98 88 100 120 7 76 47 118 14 95 60 115 57 10 119 56 11 74 71 102 122 6 48 99 96 55 63 70
122 102 7 47 96 76 95 98 119 48 88 14 118 51 121 99 56 10 71 6 60 91 120 97 74 57 58 84 70 11
123 98 56 71 47 7 16 74 99 58 95 76 48 118 88 60 91 97 122 106 10 119 84 54 102 14 121 83 51 96
124 17 43 116 111 42 24 40 45 41 36 86 38 44 33 66 21 5 27 89 78 30 82 65 68 94 93 105 80 87
125 7 98 47 118 63 76 95 71 10 56 60 14 88 119 6 100 51 121 84 122 99 120 96 11 57 48 102 58 74
126 34 22 37 28 69 31 13 108 105 113 66 112 1 4 104 90 25 101 61 68 111 85 65 30 41 110 94 29 80
