0 62 89 105 82 76 80 77 18 78 26 81 48 103 29 86 75 12 93 9 122 87 92 97 16 96 84 98 125 19
1 108 24 7 124 49 71 57 101 95 94 66 33 73 64 118 119 30 67 68 34 43 99 69 116 63 65 6 53 117
2 97 121 93 92 18 84 48 122 11 125 16 88 112 118 79 105 96 71 95 1 107 9 76 6 57 52 100 4 49
3 107 92 57 49 104 121 18 48 78 76 16 52 11 71 93 98 70 13 73 12 72 116 84 125 97 101 7 74 118
4 11 112 122 114 84 19 37 39 107 121 97 6 66 60 108 48 92 125 64 58 52 109 63 105 104 17 76 55 56
5 32 112 124 30 44 23 46 15 67 85 92 41 17 94 21 39 101 42 83 38 33 37 115 69 2 45 97 90 25
6 74 49 122 71 7 57 101 125 18 66 24 108 76 94 70 60 95 119 97 107 1 48 63 121 84 11 52 50 34
7 95 71 49 57 18 108 6 16 1 76 73 83 48 101 94 70 88 118 74 115 47 121 14 24 66 100 120 102 10
8 19 107 73 48 57 76 49 116 72 18 93 117 78 108 52 91 25 71 84 122 97 88 118 98 29 80 6 58 77
9 72 89 78 79 93 2 98 81 77 76 48 121 82 96 97 0 84 118 18 91 11 80 92 3 75 1 87 8 107
10 115 83 76 88 18 97 100 91 11 48 7 117 74 16 102 71 70 64 63 69 66 73 14 95 94 106 99 67 98
11 16 48 76 100 97 121 88 95 4 18 84 115 71 10 92 70 63 57 19 6 49 7 107 83 122 52 91 108 93
12 82 81 77 80 89 29 26 78 103 87 62 113 61 13 111 86 93 3 38 110 122 8 0 84 31 107 35 104 96
13 93 52 60 12 107 58 25 50 117 86 53 73 102 66 59 3 122 57 96 116 22 76 19 56 84 97 17 15 47
14 63 70 117 16 49 99 95 100 47 115 71 94 57 7 66 120 108 88 101 116 25 50 83 34 97 76 74 18 48
15 85 36 41 21 90 45 42 40 44 38 28 25 109 68 69 65 67 126 31 50 123 34 51 54 60 64 83 13 5
16 71 70 11 115 48 76 18 121 95 88 7 97 49 14 100 57 108 63 98 101 94 52 83 10 84 107 1 92 73
17 58 54 60 53 56 55 59 109 51 64 66 65 67 50 34 52 102 39 68 116 94 25 30 37 47 33 101 49 57
18 48 76 88 97 121 71 16 7 115 95 49 96 57 84 10 73 107 6 98 11 125 122 108 118 100 91 70 83 19
19 107 108 57 49 52 95 48 97 93 8 122 121 66 4 76 18 11 71 6 125 39 116 7 101 63 83 69 114 79
20 32 23 28 26 106 29 72 31 35 110 92 87 16 76 78 115 10 46 86 104 116 5 22 44 91 62 105 9 114
21 42 41 40 90 36 45 85 44 15 31 38 126 28 68 67 65 34 64 5 43 27 109 94 106 25 61 124 46 32
22 37 65 34 66 116 68 39 64 53 67 109 25 69 58 52 105 91 54 13 59 55 17 114 51 56 102 94 123 97
23 32 20 26 25 108 35 104 98 94 5 29 72 30 73 101 107 49 1 48 118 3 28 16 33 114 67 96 88 63
24 33 30 101 124 94 27 1 43 65 46 68 64 34 49 66 6 7 59 108 95 74 57 67 125 53 119 71 60 100
25 66 50 65 94 34 49 57 67 52 64 69 108 56 83 68 101 116 54 55 53 109 58 59 14 47 120 51 17 60
26 29 80 77 81 78 82 12 61 28 86 89 103 113 62 87 38 23 31 35 110 91 76 8 20 48 0 111 73 96
27 33 24 43 46 68 30 124 94 44 64 51 65 101 66 1 67 59 34 60 55 53 14 17 99 50 69 54 109 39
28 31 38 29 15 36 90 41 26 21 85 113 25 106 40 126 45 42 69 61 35 86 10 115 20 77 83 80 81 37
29 26 80 77 82 81 12 28 86 113 62 61 103 38 89 35 78 110 91 87 31 23 8 111 96 93 76 37 0 106
30 33 94 101 24 124 46 27 43 67 100 71 64 83 70 1 68 65 108 59 120 7 95 74 49 56 17 60 66 57
31 28 90 36 21 41 61 40 42 85 45 38 126 26 15 113 81 29 102 86 106 44 82 80 77 12 20 10 35 89
32 23 20 5 116 35 46 17 25 44 67 38 28 94 30 102 99 98 19 31 54 51 114 92 125 45 118 79 41 21
33 30 24 94 27 101 46 124 43 1 68 64 67 65 120 100 119 83 66 44 59 74 69 55 108 17 60 49 25 7
34 68 66 65 67 64 50 109 49 57 53 59 52 56 94 54 60 58 101 108 55 25 51 116 24 17 69 83 99 1
35 29 23 32 28 26 16 78 81 82 72 12 98 31 92 20 80 77 13 88 48 113 33 44 116 99 38 5 25 86
36 21 42 90 41 45 85 40 15 44 38 31 126 28 111 68 61 43 113 67 109 65 27 124 5 106 34 69 86 26
37 22 39 66 65 109 64 69 34 102 4 17 114 67 58 60 55 25 116 101 53 91 105 122 117 88 99 68 19 97
38 36 28 42 15 21 45 41 44 77 126 81 111 31 29 85 80 90 61 26 86 40 82 113 103 12 109 89 25 96
39 65 64 37 58 114 17 66 124 4 109 54 25 52 19 56 55 67 22 53 97 34 116 68 47 71 57 108 83 59
40 90 21 41 45 42 85 36 44 15 31 126 28 68 38 67 64 65 27 43 34 109 33 46 106 5 61 51 30 32
41 21 45 42 40 90 36 85 44 15 31 126 38 28 68 67 65 5 109 27 64 34 61 46 106 32 43 94 51 33
42 21 45 41 36 40 90 85 44 15 126 38 31 68 28 67 27 5 43 34 65 30 61 111 94 33 109 124 32 46
43 27 33 94 24 30 124 46 67 64 68 101 120 1 65 51 59 55 109 74 53 54 34 66 108 95 70 69 115 17
44 45 42 85 21 41 40 36 126 90 27 15 46 33 38 30 68 24 5 124 43 51 31 28 94 54 67 32 34 99
45 42 21 41 40 44 85 36 90 15 126 38 31 68 28 67 27 46 5 33 34 30 65 109 111 32 64 51 94 43
46 33 30 27 94 24 43 124 68 67 101 54 44 59 64 1 51 17 65 53 34 119 116 100 32 55 39 74 120 25
47 102 73 117 59 53 118 66 54 50 14 91 55 60 56 57 7 51 49 52 108 65 123 99 116 64 25 109 120 71
48 76 88 18 121 97 11 16 73 95 71 84 96 122 57 49 115 100 98 7 108 70 19 107 91 10 118 52 101 6
49 57 52 108 101 50 34 95 66 94 71 56 7 70 53 6 25 116 63 59 1 16 68 18 118 48 121 14 73 65
50 56 59 54 53 52 51 55 58 66 34 57 60 49 109 64 65 68 25 67 17 94 101 47 99 116 108 63 120 118
51 59 55 54 60 53 56 50 58 109 64 17 66 65 52 68 67 34 102 116 99 47 120 94 57 49 25 123 43 101
52 57 50 49 56 53 58 66 59 34 55 60 54 109 65 101 51 108 64 25 68 94 95 67 63 70 19 17 83 120
53 59 54 56 58 55 50 60 51 109 52 66 34 64 57 65 17 67 68 49 47 116 94 102 73 118 108 117 101 25
54 56 59 53 58 51 50 55 60 109 64 17 34 52 65 66 67 68 57 47 49 94 25 118 116 101 117 120 46 69
55 51 53 59 60 50 54 58 56 109 67 52 64 17 66 65 34 68 102 120 47 116 57 25 94 123 49 119 101 99
56 54 50 59 53 58 60 51 52 55 109 57 64 66 34 65 17 49 67 68 101 94 118 25 108 47 116 120 69 30
57 49 52 108 50 101 66 34 56 95 53 71 70 94 7 59 25 65 118 54 48 6 100 116 121 19 60 64 18 68
58 56 54 53 109 60 59 50 55 52 51 17 64 66 65 34 67 57 68 39 49 25 116 94 117 47 101 118 108 37
59 53 54 56 51 60 50 55 109 58 34 52 66 64 65 68 67 17 47 57 49 102 94 117 101 123 116 120 108 24
60 59 53 56 51 58 55 109 54 50 66 17 52 64 34 65 67 68 102 57 101 49 47 119 123 69 94 6 116 25
61 113 103 81 31 77 80 26 29 126 12 82 89 38 86 28 87 78 36 62 41 111 106 42 21 91 90 79 110 0
62 82 12 0 80 29 26 81 86 77 76 103 110 48 89 87 84 105 113 107 117 93 18 73 61 78 91 88 97 13
63 99 14 74 70 100 49 95 119 120 57 101 52 94 66 16 125 50 108 71 83 76 121 34 11 1 7 6 115 84
64 65 67 66 68 109 34 56 59 53 54 58 55 50 51 60 83 17 52 94 39 25 57 124 24 101 43 49 30 108
65 64 34 66 68 67 109 59 56 53 58 50 54 52 60 25 55 51 17 94 83 57 101 39 24 49 124 69 37 116
66 34 65 64 68 67 50 53 57 109 56 52 49 59 60 58 108 55 25 54 94 51 17 116 101 99 102 69 83 47
67 68 34 64 66 65 109 55 59 94 53 54 60 51 17 50 56 25 58 108 52 30 49 57 116 101 43 83 102 69
68 34 67 65 64 66 109 59 94 53 50 51 60 55 54 56 27 49 101 52 57 24 58 25 43 33 124 46 108 99
69 66 25 109 64 34 108 94 65 124 67 50 68 60 120 119 101 57 53 56 59 1 37 83 54 49 52 99 30 33
70 71 16 49 100 57 74 95 101 14 63 108 115 120 94 52 7 76 30 48 119 11 121 18 6 124 83 97 34 1
71 70 16 7 95 18 49 57 108 76 48 74 6 100 101 115 121 88 94 1 14 30 83 73 120 11 66 124 63 97
72 9 48 8 98 49 95 76 3 57 100 1 108 23 16 52 71 18 70 75 121 63 19 20 11 118 107 78 119 96
73 47 76 48 118 117 49 57 7 108 18 53 1 71 94 101 95 121 88 96 97 122 116 59 104 52 102 84 14 66
74 6 63 70 71 120 119 100 101 7 125 115 83 108 10 24 94 49 30 123 95 117 66 99 14 1 102 33 124 69
75 1 79 121 7 72 11 83 16 48 95 76 101 18 0 84 71 37 100 3 118 96 57 78 73 49 33 122 94 97
76 48 18 97 121 88 73 16 71 84 95 11 7 10 122 115 57 96 49 91 118 108 70 6 98 83 63 117 100 14
77 80 81 82 12 89 29 26 103 61 87 111 113 86 38 62 78 93 28 8 0 9 3 91 31 13 96 110 76 104
78 26 12 80 81 87 82 3 8 29 9 77 76 11 89 84 0 61 48 13 92 35 62 97 96 72 91 79 107 75
79 19 75 48 2 121 9 76 11 81 82 57 84 93 16 108 18 4 71 3 92 49 98 107 89 95 122 78 7 96
80 77 81 82 12 26 29 89 103 78 87 111 61 62 113 38 86 8 0 28 91 3 31 13 93 76 117 37 96 110
81 82 77 12 80 89 26 29 61 103 78 87 38 113 62 86 111 31 93 79 9 8 28 0 35 3 96 72 76 23
82 81 77 12 80 89 29 26 87 103 62 61 86 111 78 93 113 38 0 13 79 8 31 9 76 19 35 28 84 110
83 115 64 100 10 65 94 66 95 7 25 67 71 101 30 117 49 57 52 34 68 50 109 63 74 108 76 16 120 14
84 97 121 76 48 18 122 118 96 88 11 107 95 71 16 57 4 49 6 2 73 63 52 108 19 7 125 114 56 119
85 90 21 40 45 41 36 42 44 15 68 67 31 28 64 126 65 38 34 27 33 109 124 5 54 46 25 94 83 51
86 103 29 89 77 26 82 80 38 62 61 12 13 81 113 28 87 126 31 0 69 91 110 15 104 106 93 78 5 111
87 82 12 77 80 78 81 26 113 89 29 61 86 103 111 62 38 13 0 8 20 76 84 91 9 72 35 28 3 122
88 48 18 97 76 121 16 122 115 91 95 71 10 100 11 96 7 84 125 73 49 14 57 98 107 108 83 70 116 118
89 82 81 77 12 80 103 86 26 29 61 111 9 87 113 0 93 78 62 38 79 31 8 13 96 3 91 73 126 19
90 40 21 85 41 36 42 45 15 44 31 28 68 126 38 67 65 64 34 27 109 43 5 124 61 106 46 33 94 83
91 88 97 47 102 76 10 48 18 52 115 14 99 11 83 114 73 122 37 96 53 66 117 110 59 107 121 19 116 106
92 11 112 2 97 48 18 122 16 88 108 3 107 100 125 93 49 7 57 101 105 4 19 71 121 96 66 6 76 52
93 13 19 107 2 76 48 122 97 11 18 96 12 8 82 92 73 3 91 105 125 77 6 121 57 88 89 9 84 81
94 101 30 34 33 49 68 67 24 108 124 57 25 66 65 50 64 46 43 83 70 59 100 52 120 71 109 53 56 116
95 49 121 7 57 71 108 100 16 48 70 76 125 101 63 18 88 118 52 120 14 83 1 11 97 94 115 19 73 24
96 48 97 18 88 76 84 121 73 122 118 102 57 47 49 53 93 60 91 6 71 98 116 109 125 107 56 11 52 117
97 84 48 76 18 88 121 122 16 11 96 91 95 49 115 125 10 57 2 52 107 19 73 105 71 98 118 14 117 7
98 49 48 121 16 18 76 115 97 88 70 73 57 14 1 94 95 71 7 116 100 63 118 96 10 101 72 108 122 6
99 63 66 14 50 51 118 68 120 34 53 1 47 95 125 59 64 52 55 49 74 102 56 60 69 67 54 91 94 65
100 70 95 83 101 115 63 71 11 57 94 16 48 49 30 14 88 74 108 119 10 120 124 18 7 52 76 121 106 33
101 94 49 57 30 108 24 33 124 34 52 100 70 66 95 71 65 68 50 60 56 6 63 1 59 67 120 64 7 25
102 47 66 55 59 60 51 53 116 91 67 117 17 64 118 65 50 109 7 83 54 68 71 73 37 123 99 56 25 34
103 113 77 61 80 89 81 82 12 86 26 29 111 62 38 87 110 93 126 0 96 8 78 28 79 91 104 31 73 98
104 73 114 108 69 18 1 105 3 57 48 110 117 49 23 7 53 76 97 4 88 83 118 33 71 96 122 92 91 24
105 114 97 110 66 122 116 107 117 18 104 37 108 84 39 118 73 1 91 92 2 64 109 93 58 22 88 125 7 71
106 100 83 10 11 28 115 65 102 39 25 91 88 48 33 123 64 37 76 18 30 117 31 24 97 47 85 96 22 51
107 19 18 97 116 57 48 122 3 49 108 84 93 88 6 16 76 52 71 11 66 4 121 8 105 125 13 92 70 14
108 57 49 1 101 71 66 95 94 124 34 52 7 70 19 67 119 25 73 50 48 16 64 117 53 118 69 56 116 100
109 58 53 64 59 60 56 65 54 55 34 67 68 66 51 50 17 52 94 69 57 37 25 101 102 108 83 49 47 116
110 105 117 97 91 104 88 29 62 114 109 69 58 26 84 37 103 122 18 12 96 53 107 47 22 102 60 108 10 59
111 77 80 38 82 12 113 89 103 81 36 29 87 26 61 42 15 45 28 98 86 74 62 6 31 41 0 21 13 125
112 4 92 11 2 5 33 124 105 121 95 43 16 108 30 39 114 125 63 67 74 97 1 7 101 94 64 100 17 37
113 61 103 29 77 80 12 26 28 81 111 87 82 89 31 38 86 126 62 110 36 48 78 106 96 35 88 122 8 0
114 105 116 39 97 4 66 104 37 53 58 14 88 56 91 117 19 102 83 109 55 54 118 108 84 17 64 95 59 60
115 10 83 16 100 18 70 71 88 48 76 14 94 97 95 7 11 74 98 121 63 25 101 30 91 64 49 125 120 73
116 66 49 57 53 34 67 94 50 114 102 51 59 55 108 101 56 25 117 107 65 64 68 54 118 119 17 7 14 47
117 47 73 14 59 108 53 83 102 116 49 118 57 66 123 10 7 76 101 54 97 71 50 74 119 52 1 60 94 6
118 73 57 121 49 47 95 56 53 84 7 108 1 76 52 50 102 99 54 117 18 66 116 97 48 71 101 96 94 120
119 120 63 74 108 49 57 100 60 101 70 1 66 69 124 116 52 94 59 55 6 53 117 33 123 71 122 50 24 125
120 119 70 74 94 95 63 55 66 101 57 50 52 71 59 100 14 99 43 49 69 56 108 51 64 7 67 30 83 54
121 48 84 95 76 18 97 16 88 118 49 71 57 11 98 96 7 73 2 108 122 70 125 63 19 115 100 52 6 107
122 97 6 88 48 76 125 84 18 107 96 49 73 101 121 19 52 4 105 57 119 60 108 93 66 109 11 92 74 94
123 59 60 55 117 47 74 51 102 116 120 66 119 53 34 65 101 54 52 50 67 56 63 25 14 6 49 94 114 99
124 24 30 101 94 33 108 1 27 43 65 64 49 57 69 68 46 100 71 119 34 39 95 7 67 70 83 66 73 25
125 95 122 6 97 49 63 88 18 74 52 57 66 121 99 76 101 24 71 48 19 119 118 56 115 107 1 108 2 64
126 44 41 42 45 40 36 21 61 38 85 90 31 15 28 27 86 113 103 5 46 77 33 29 32 106 22 68 102 80
