0 92 112 62 108 12 8 82 19 101 87 9 68 78 113 107 81 32 93 15 30 20 31 124 89 29 72 2 114 110
1 101 97 111 113 91 39 34 123 22 96 74 103 4 40 11 66 116 14 7 68 67 114 76 65 112 69 85 107 90
2 0 103 92 93 62 19 77 39 3 87 112 114 1 72 9 89 109 107 22 120 96 88 80 12 100 108 122 104 94
3 0 1 92 87 62 2 107 13 15 103 101 52 8 78 110 112 38 19 124 59 12 14 81 68 72 108 9 11 67
4 22 103 39 104 113 68 66 105 61 31 69 8 101 114 25 28 37 112 65 116 67 23 90 64 92 126 40 77 82
5 58 13 17 15 38 52 56 59 50 53 57 60 86 90 54 51 20 29 23 27 116 37 55 31 26 64 126 105 49
6 118 48 88 106 109 120 84 122 100 99 10 73 63 117 60 52 51 94 57 54 56 47 49 86 18 58 121 15 46
7 11 102 76 96 74 91 97 83 73 123 70 48 100 120 118 85 10 33 94 117 47 88 106 36 27 98 101 63 46
8 113 82 22 28 78 101 103 12 9 116 4 81 20 26 37 39 35 61 105 126 114 104 77 68 13 29 31 90 75
9 72 82 81 78 8 35 104 45 12 20 75 28 32 29 105 23 116 26 87 101 15 113 94 22 46 61 54 60 42
10 120 48 109 118 99 47 84 106 88 63 6 73 18 100 122 117 121 51 70 86 60 54 94 57 56 83 52 49 58
11 91 74 76 96 7 123 97 100 14 111 102 63 34 88 30 98 110 125 54 37 33 106 85 73 77 55 44 1 71
12 81 82 28 75 124 13 8 29 108 61 15 9 84 20 78 101 87 118 105 10 111 116 6 38 109 120 32 72 90
13 15 38 52 58 57 50 5 60 56 17 59 51 54 55 29 45 46 20 53 49 86 43 6 84 36 68 32 10 12
14 74 97 123 91 76 98 102 71 125 11 119 47 16 99 96 30 18 21 115 24 33 111 41 94 59 121 7 63 83
15 13 54 17 52 38 60 58 57 56 51 86 55 5 50 106 20 118 59 88 29 53 48 105 6 23 32 84 49 110
16 119 83 115 71 95 125 121 122 98 18 70 99 102 117 84 48 109 76 120 88 118 106 53 10 6 100 57 47 14
17 58 59 60 53 15 52 38 56 50 57 86 5 54 13 51 29 49 20 23 55 26 84 48 32 118 35 106 31 28
18 99 122 117 48 83 84 10 109 121 95 120 70 88 106 118 47 16 100 63 6 49 115 125 51 94 60 54 73 57
19 93 89 92 107 62 112 0 70 124 94 96 30 75 55 54 120 51 121 77 110 88 87 106 10 59 91 126 57 84
20 29 23 26 32 31 28 37 35 105 116 38 15 126 57 17 65 86 60 64 84 61 52 43 58 36 68 66 56 13
21 41 24 30 33 44 42 27 59 53 46 36 50 111 43 58 40 90 124 17 35 26 97 94 65 89 52 76 56 101
22 31 4 37 113 28 105 116 114 66 104 25 103 61 8 39 68 126 69 67 101 65 90 20 108 26 64 40 23 35
23 20 32 29 31 26 105 28 35 17 126 61 37 15 86 116 38 25 57 43 50 60 124 44 101 104 56 27 5 58
24 21 44 33 41 27 30 46 124 90 111 36 94 101 42 86 40 106 53 58 50 28 52 56 60 89 43 32 59 97
25 37 28 61 65 31 108 22 105 66 69 126 26 23 116 64 20 32 77 68 29 90 34 35 67 4 101 104 33 39
26 35 29 32 20 105 23 37 28 38 126 116 17 59 57 25 31 50 60 61 86 15 124 43 65 53 82 78 58 54
27 44 36 33 46 41 42 45 43 21 24 90 111 101 86 30 60 58 50 52 124 40 56 20 53 29 94 32 65 54
28 31 29 37 20 116 26 105 22 126 25 23 61 32 35 65 34 66 68 82 69 77 64 8 67 101 17 38 12 124
29 20 26 35 23 37 28 32 105 38 17 57 126 15 43 61 31 60 116 58 50 86 13 54 111 53 56 64 124 36
30 21 41 33 44 24 27 53 59 42 124 46 101 17 58 49 36 111 89 50 90 65 43 76 106 40 35 67 26 57
31 22 61 105 20 28 37 23 116 65 69 66 104 68 126 29 25 67 64 35 26 4 32 17 15 43 90 108 38 5
32 26 20 23 35 105 29 116 28 126 38 44 37 15 124 17 50 78 25 68 31 65 86 60 27 61 33 45 36 57
33 44 41 27 21 36 30 46 24 42 90 124 111 101 45 32 58 43 53 23 56 105 67 35 97 94 50 40 86 126
34 124 37 111 64 68 28 65 90 66 101 40 116 20 126 29 25 105 69 31 22 46 32 67 38 44 15 47 27 55
35 26 32 29 20 23 28 78 105 126 38 116 37 31 50 124 17 82 61 54 81 59 57 53 60 89 43 36 65 58
36 27 46 45 43 44 33 86 42 56 60 58 111 52 41 94 90 51 54 124 48 20 50 49 118 57 106 10 120 29
37 25 105 29 116 31 28 22 61 20 26 65 34 126 64 66 68 23 32 35 38 69 77 43 15 101 5 67 90 104
38 13 57 60 15 50 52 17 58 53 59 56 54 120 5 84 51 29 20 118 109 26 55 49 32 45 48 35 88 6
39 103 4 22 113 114 112 77 25 8 104 85 116 28 101 37 69 66 61 31 108 68 105 92 1 82 5 12 64 111
40 90 101 111 27 65 124 46 42 34 44 116 67 68 64 43 36 20 28 29 41 21 24 22 33 105 58 30 37 66
41 33 44 21 27 30 42 24 46 36 43 111 124 53 101 90 45 59 50 32 58 86 67 23 40 89 56 17 126 29
42 46 43 41 36 27 45 21 111 44 94 33 56 60 58 86 124 52 54 90 40 30 101 106 51 50 24 57 49 29
43 36 42 45 46 27 111 86 56 41 29 51 58 124 94 20 60 52 84 48 57 44 49 118 54 38 23 116 13 73
44 33 27 41 36 21 46 30 24 111 90 101 42 32 124 45 86 43 40 50 23 56 116 58 126 67 20 52 65 53
45 36 46 43 60 27 42 58 56 52 86 54 51 38 111 50 57 49 13 44 120 73 94 55 109 124 20 118 33 41
46 36 45 42 27 43 44 111 33 56 58 86 60 94 52 54 41 106 57 118 124 51 90 50 55 49 88 84 48 6
47 10 48 99 120 63 18 6 84 118 106 109 100 88 122 117 94 70 73 51 60 121 83 54 86 56 111 52 124 57
48 118 109 88 120 99 106 122 84 6 10 117 100 63 18 73 60 51 121 83 47 70 54 52 94 56 49 57 86 58
49 51 60 57 54 56 58 52 118 55 48 88 84 106 6 53 109 120 117 50 122 18 17 94 38 99 46 86 63 100
50 58 60 57 52 56 54 53 55 59 38 17 86 13 15 106 51 49 88 118 5 46 29 27 45 48 109 36 6 84
51 49 60 57 54 56 58 55 52 118 48 88 106 109 84 6 63 120 15 10 99 53 94 50 38 86 122 17 117 13
52 56 58 60 50 57 54 51 118 86 15 106 49 13 17 88 38 6 53 48 109 46 55 120 45 36 5 94 59 84
53 59 50 57 17 60 58 52 55 38 56 54 49 51 86 5 15 21 84 30 99 29 106 88 48 118 13 46 41 6
54 57 60 58 52 56 88 50 51 106 55 49 118 63 15 100 48 6 109 120 53 38 84 86 46 17 99 10 94 59
55 57 58 51 54 60 50 106 53 49 52 88 56 15 59 118 38 121 46 17 84 13 86 48 120 100 63 109 6 122
56 52 60 58 50 54 57 51 49 118 86 17 15 48 46 36 106 6 94 88 38 53 63 109 45 55 13 120 84 5
57 58 60 54 50 55 52 51 56 53 49 88 38 106 118 15 17 6 84 48 13 59 120 86 109 100 63 122 99 117
58 50 57 60 52 56 54 55 51 17 49 53 13 59 15 106 38 46 45 5 36 86 118 48 88 6 43 84 63 109
59 53 17 50 58 38 57 60 13 55 52 15 54 5 21 56 26 30 51 49 35 86 41 29 106 99 65 32 10 89
60 58 52 56 57 50 54 51 49 118 55 17 48 53 86 38 106 88 6 15 109 46 84 45 120 36 13 63 59 99
61 31 37 25 105 28 29 104 23 20 22 116 108 101 4 69 65 26 126 35 68 32 90 66 113 64 67 12 82 81
62 108 84 48 106 0 120 122 109 88 117 94 118 70 93 121 124 54 90 18 99 82 110 49 29 112 60 55 81 19
63 88 106 118 120 48 10 100 73 109 6 54 99 51 47 56 84 60 94 57 18 122 86 52 58 117 49 55 46 36
64 65 66 67 68 69 116 37 20 34 31 126 90 105 29 25 28 40 32 101 61 26 53 22 5 27 44 17 38 60
65 66 67 64 68 69 116 37 31 25 20 28 126 90 34 40 101 105 29 61 32 26 53 27 50 22 59 35 23 44
66 65 68 64 67 69 126 116 31 22 37 25 28 20 4 34 105 90 101 77 61 29 32 103 23 40 26 50 5 53
67 65 66 68 69 64 116 126 31 28 105 20 101 90 40 22 32 44 41 37 61 33 25 30 27 29 26 34 35 50
68 66 65 69 67 64 105 31 37 34 116 20 28 101 22 4 90 32 25 126 61 40 29 13 15 38 50 113 44 27
69 68 67 66 65 64 31 105 25 28 37 126 22 61 101 4 20 116 90 34 29 23 32 33 104 38 41 103 113 44
70 121 120 122 117 83 18 84 48 109 99 16 10 106 118 47 88 115 100 95 125 73 71 55 38 6 57 63 46 94
71 98 16 119 115 125 83 95 121 76 102 122 99 70 18 117 14 48 84 106 53 100 30 88 6 109 21 74 55 118
72 9 82 81 35 23 75 28 105 124 20 26 32 61 31 78 22 101 29 45 12 126 46 108 84 33 90 49 117 24
73 120 10 48 63 6 109 118 88 106 84 99 94 51 86 47 54 56 60 117 122 100 57 52 49 70 58 45 18 36
74 14 97 123 91 11 76 102 96 98 7 125 71 47 63 30 33 119 100 111 18 16 99 21 1 44 83 73 41 24
75 12 72 81 31 82 20 38 105 10 9 94 120 124 28 54 85 26 84 100 8 126 117 37 35 15 88 73 106 109
76 102 98 74 11 71 14 96 97 123 7 125 119 91 16 95 83 30 115 21 33 41 24 44 18 79 121 122 70 99
77 116 126 79 28 25 37 66 65 39 113 112 103 108 87 59 29 101 8 22 89 26 61 23 32 64 67 68 35 30
78 82 35 105 32 8 81 26 101 9 124 28 23 108 20 104 116 29 12 61 72 38 90 46 45 42 33 22 15 25
79 77 59 89 53 21 76 17 126 30 26 35 50 123 41 25 97 65 24 116 91 32 71 57 28 115 95 125 33 38
80 26 70 32 10 53 59 16 89 121 83 73 29 47 23 38 120 35 18 99 79 37 100 75 25 71 109 20 95 84
81 12 82 20 72 78 35 9 28 29 26 108 23 8 105 75 87 32 124 61 104 116 113 126 37 31 22 101 38 13
82 78 81 8 9 28 105 12 29 35 72 20 26 108 32 124 23 101 126 61 75 31 116 42 104 57 46 22 86 25
83 122 117 16 84 99 18 121 115 95 48 70 71 109 119 88 118 100 125 120 106 10 6 47 102 57 46 53 94 98
84 117 48 122 109 120 118 88 99 121 6 83 10 18 100 106 51 70 57 60 49 54 47 63 86 38 73 94 56 52
85 46 111 43 45 114 56 51 94 36 42 39 75 58 40 90 113 27 101 52 73 28 22 103 49 7 116 31 6 44
86 52 60 56 36 106 46 17 118 15 50 57 58 54 88 84 109 48 120 6 94 10 51 45 63 53 27 43 73 20
87 81 30 12 33 77 32 89 23 41 124 110 101 9 35 27 24 21 29 46 78 17 54 44 36 26 38 105 72 126
88 118 106 48 109 100 6 120 122 84 63 99 54 117 10 57 51 60 52 18 73 49 121 56 94 83 55 86 47 58
89 35 30 41 59 79 21 126 33 38 87 26 32 77 53 24 44 23 19 110 124 50 17 27 29 15 42 54 60 106
90 111 40 27 44 46 101 36 33 58 65 124 34 24 94 64 56 116 42 5 60 86 68 52 20 41 49 67 66 31
91 11 74 96 97 123 14 76 125 98 7 111 47 30 100 34 88 1 63 71 33 73 115 102 79 44 77 54 39 106
92 93 112 0 4 113 66 68 19 77 104 114 8 103 69 22 101 9 39 61 81 108 62 64 78 116 107 65 67 12
93 19 92 107 62 112 114 81 108 0 94 51 55 89 39 87 49 113 77 101 96 104 72 70 110 111 42 120 124 8
94 106 118 48 6 46 111 56 120 88 51 109 63 86 73 84 52 47 99 54 124 36 60 10 42 122 49 43 90 58
95 119 16 115 83 18 71 122 117 121 99 70 125 98 84 102 76 48 109 88 49 118 120 106 53 30 33 10 100 63
96 91 11 76 74 7 98 30 44 111 123 14 88 97 33 102 101 95 106 49 46 77 27 1 63 18 100 115 6 55
97 123 74 14 91 76 47 11 33 98 21 44 30 111 102 41 24 7 125 71 119 27 96 1 63 79 34 99 36 59
98 71 76 102 119 16 115 125 14 95 83 97 74 96 121 91 122 123 99 21 24 30 70 41 44 18 33 11 7 117
99 48 122 18 84 117 109 88 118 10 106 83 120 6 121 100 63 47 70 125 16 51 60 54 73 57 94 49 115 52
100 88 118 109 48 106 120 84 6 122 63 117 99 10 54 18 57 83 47 51 121 60 52 73 49 56 70 86 55 50
101 27 44 111 90 40 116 124 46 68 33 105 61 126 65 34 36 29 42 69 67 41 8 28 30 66 20 24 108 23
102 76 98 119 16 71 125 74 7 115 83 14 95 70 97 123 121 21 18 11 122 96 30 99 41 33 24 91 94 48
103 39 4 22 113 112 108 114 8 66 104 77 116 31 61 101 69 68 28 90 64 12 25 37 105 85 92 126 65 82
104 31 22 61 4 105 23 113 108 37 9 25 78 103 28 81 82 20 116 69 8 39 66 68 32 64 101 60 90 42
105 26 31 32 37 23 28 20 29 22 68 61 35 15 126 69 25 104 116 78 82 64 101 4 65 67 66 38 108 33
106 88 118 48 109 6 120 122 63 99 100 84 10 54 55 57 60 51 52 94 117 121 18 73 58 86 56 49 70 47
107 93 112 19 113 114 0 92 77 39 4 8 101 108 104 103 1 85 96 40 69 7 66 65 25 62 22 81 37 67
108 25 61 105 28 101 103 116 82 31 78 22 81 104 62 12 126 20 29 90 37 112 77 113 26 40 68 66 32 34
109 48 120 118 88 122 106 84 6 10 117 99 100 63 121 73 18 51 60 54 83 52 70 49 57 56 86 94 47 38
110 15 17 54 38 5 55 57 59 58 86 26 53 87 89 118 60 20 13 50 114 116 88 111 106 35 43 48 46 52
111 46 90 94 124 36 43 27 44 42 34 101 40 56 45 51 29 33 116 24 41 106 20 60 52 47 86 55 58 21
112 114 103 113 39 77 4 108 92 0 107 22 101 61 62 8 19 93 37 85 40 116 104 68 28 25 110 31 66 69
113 22 114 8 4 39 103 28 112 61 104 31 105 68 77 116 108 81 101 25 37 69 126 92 9 85 82 40 66 67
114 113 22 112 103 39 4 85 8 31 116 40 110 77 108 66 68 28 92 101 107 126 90 37 104 93 61 25 69 64
115 119 16 125 83 95 71 122 98 117 121 18 99 70 102 84 48 109 76 88 118 106 120 47 53 30 57 10 100 6
116 37 65 31 67 28 20 66 22 32 64 29 101 126 26 77 68 61 35 105 23 111 25 90 43 40 69 34 44 108
117 84 122 48 99 109 18 83 121 120 88 118 100 70 10 106 6 51 49 57 115 47 95 16 73 54 60 63 38 52
118 48 88 106 109 6 120 84 122 100 99 10 63 117 60 51 54 52 73 56 57 18 94 49 86 121 83 47 58 70
119 95 115 16 71 125 98 102 83 122 76 121 18 70 99 117 14 97 123 84 48 74 30 88 109 106 118 53 33 21
120 109 48 118 10 88 84 106 73 122 6 117 63 99 100 70 121 18 47 51 54 94 60 57 38 49 56 52 86 83
121 122 70 117 84 83 99 109 120 48 18 16 106 10 88 118 71 115 100 6 55 95 47 57 125 38 58 119 73 51
122 117 48 99 84 109 88 121 18 118 83 120 106 6 100 70 10 16 125 115 57 51 63 47 95 49 94 60 73 54
123 97 74 14 91 76 11 33 47 30 44 21 41 98 125 111 24 7 119 102 96 27 63 79 71 1 99 34 115 59
124 111 34 94 46 56 106 43 101 90 42 54 36 32 27 24 33 44 40 41 58 29 52 60 35 20 86 47 88 51
125 115 119 16 71 122 99 83 48 109 88 98 18 106 118 102 70 121 6 95 117 76 100 120 84 52 91 14 47 63
126 66 28 29 20 31 32 37 65 67 23 35 26 116 64 105 77 25 22 69 101 38 61 68 124 57 90 34 44 13
