0 107 93 122 92 62 97 96 103 119 3 50 81 108 113 49 2 100 58 118 14 8 73 117 61 104 10 76 120 84
1 113 117 88 121 49 76 59 120 122 61 123 108 50 6 96 57 56 53 119 28 104 118 40 73 101 10 21 55 95
2 112 108 61 119 113 76 0 122 8 120 83 50 6 56 88 117 73 1 84 92 59 97 103 48 95 57 49 101 71
3 107 12 92 62 93 0 70 71 96 56 49 53 82 58 121 99 117 84 119 91 76 4 80 23 55 8 1 108 81
4 105 109 106 74 103 14 108 32 39 52 67 50 76 117 116 35 62 23 25 8 95 93 56 20 97 34 114 53 118
5 38 17 13 22 86 94 90 31 126 37 85 43 65 115 25 58 15 14 67 16 29 80 60 28 116 57 23 53 84
6 73 88 118 117 120 95 122 83 61 119 97 49 96 50 76 108 10 14 123 16 113 28 1 58 46 84 33 103 57
7 48 69 53 68 32 119 39 116 125 17 57 74 109 56 14 98 114 106 105 4 66 34 84 26 64 70 35 55 23
8 49 58 50 113 108 120 56 117 103 67 93 105 53 14 34 116 88 107 95 104 66 84 68 10 76 57 92 122 61
9 77 1 79 87 72 122 92 75 3 96 103 107 6 100 121 88 50 8 119 59 73 78 74 2 117 84 106 12 62
10 96 118 97 122 14 95 117 102 73 83 121 84 49 123 120 76 16 113 88 93 6 108 99 50 119 71 58 100 48
11 99 70 55 121 102 48 98 18 91 56 71 97 96 125 10 53 84 59 74 100 1 117 83 115 14 49 60 12 76
12 122 3 62 76 49 119 107 53 96 58 93 121 56 97 50 55 92 70 81 115 14 113 7 1 59 23 84 109 18
13 86 43 85 94 17 15 24 90 36 41 45 22 111 65 5 126 31 37 25 64 68 116 38 69 101 67 39 60 124
14 118 97 119 95 122 10 120 96 73 117 84 83 71 76 49 58 93 16 102 121 6 56 103 50 100 106 8 4 48
15 13 86 41 24 85 43 17 111 94 36 45 90 26 68 101 25 66 116 21 22 67 110 35 23 124 65 37 64 109
16 73 10 122 95 118 96 14 100 97 6 83 47 102 84 120 115 74 125 29 123 104 71 117 119 28 98 88 121 22
17 86 13 43 85 94 90 36 65 24 15 45 41 116 60 67 5 22 51 18 53 7 101 66 38 39 32 68 64 57
18 74 11 71 17 47 70 91 99 38 63 51 32 48 14 84 56 115 120 12 54 4 7 125 97 10 102 119 96 98
19 89 112 106 0 75 122 81 71 110 96 54 111 87 20 76 124 79 4 97 82 78 92 70 102 23 29 100 62 93
20 35 23 29 26 105 4 89 25 14 76 119 62 32 106 93 95 109 7 107 3 104 108 122 73 80 98 114 74 92
21 46 42 27 101 40 45 30 39 44 33 25 61 68 41 57 116 24 28 111 34 1 83 6 15 66 74 117 53 108
22 37 90 94 43 85 13 126 86 31 24 17 5 36 15 28 111 16 115 80 65 45 30 41 40 82 110 78 81 77
23 35 38 29 20 26 105 53 93 56 32 109 4 14 116 59 58 66 55 25 114 84 70 39 15 34 51 98 7 71
24 36 43 85 94 86 90 13 41 45 15 17 64 30 33 22 21 111 37 74 69 46 42 40 27 25 65 60 126 68
25 39 67 116 101 46 21 68 65 105 38 50 40 27 13 4 30 15 42 53 108 23 41 33 86 66 57 113 58 34
26 35 111 23 41 20 15 124 114 7 29 79 14 109 21 4 125 68 38 82 78 32 66 92 39 53 105 85 97 25
27 33 46 42 30 44 40 21 39 101 25 102 6 41 24 116 1 45 106 76 66 61 108 65 123 10 68 117 83 36
28 31 57 6 58 1 21 37 121 49 119 64 50 14 61 73 80 60 117 81 68 104 118 93 59 22 103 92 120 16
29 80 23 35 20 105 119 84 14 71 106 108 81 92 26 78 48 102 16 32 70 93 97 87 59 89 109 58 82 117
30 33 27 40 46 21 44 101 43 42 24 41 90 36 25 39 85 45 94 74 116 123 106 10 52 60 64 15 113 1
31 28 126 22 37 13 69 64 5 68 94 85 57 41 24 111 79 43 60 90 21 86 77 124 16 63 45 15 80 115
32 105 103 109 98 4 58 53 7 35 23 50 60 66 57 51 86 116 17 125 65 55 47 18 49 56 104 59 91 84
33 27 40 46 42 30 44 102 21 101 39 24 6 123 60 36 108 41 76 25 45 57 65 61 95 117 1 10 43 90
34 101 69 116 53 39 50 68 59 64 56 67 58 57 66 114 49 108 55 105 8 51 113 52 61 21 74 65 4 40
35 23 26 20 29 32 4 109 105 15 7 51 74 111 45 86 114 89 92 34 110 14 39 70 41 85 94 58 52 62
36 24 43 85 94 90 45 86 41 13 17 15 30 40 33 46 22 42 64 74 65 21 126 37 44 47 101 67 116 27
37 22 90 94 31 43 80 85 13 24 28 126 86 15 5 36 17 81 111 115 78 82 45 65 77 21 124 44 60 16
38 23 5 71 53 25 105 55 65 17 58 18 93 116 56 50 67 104 13 86 49 32 51 14 59 91 12 26 84 114
39 116 101 34 27 46 68 40 66 25 21 53 33 105 45 114 4 67 7 86 108 56 125 44 10 59 8 65 123 52
40 46 33 101 44 30 27 42 21 39 53 116 57 76 113 65 45 108 123 36 25 1 6 117 49 83 68 10 61 95
41 45 85 24 15 36 94 43 13 86 90 111 17 21 26 30 126 33 42 25 101 46 39 68 27 66 116 124 40 98
42 46 33 27 40 21 44 101 30 6 61 25 41 39 36 102 45 24 68 83 66 67 65 1 123 94 76 88 116 108
43 85 24 94 90 86 36 13 17 41 15 45 22 30 37 64 111 65 33 40 126 21 60 74 69 46 101 5 67 44
44 46 27 40 33 30 42 21 101 39 60 45 36 43 83 102 24 116 108 112 6 74 1 66 98 61 25 37 90 76
45 36 41 24 94 85 43 90 86 17 13 21 46 15 39 40 33 42 111 30 44 27 25 101 116 126 7 47 65 35
46 40 42 27 33 44 21 30 101 39 45 25 6 117 61 116 68 76 123 102 36 83 10 41 24 1 108 66 67 95
47 63 16 67 115 18 48 64 84 32 66 74 86 71 116 17 68 45 105 126 25 7 91 36 98 41 125 114 102 29
48 102 84 125 70 119 11 7 99 98 56 117 14 10 116 106 76 95 53 47 97 83 71 91 68 39 105 74 101 66
49 50 58 53 57 113 118 96 108 73 76 120 122 117 101 8 93 88 95 10 121 55 56 83 14 1 6 97 65 103
50 58 49 57 113 73 108 52 88 122 53 120 101 59 8 34 105 118 93 109 103 6 61 117 116 76 65 96 92 56
51 53 101 49 66 56 34 50 116 65 67 17 58 55 32 69 68 18 60 74 105 4 113 114 86 125 35 23 38 93
52 59 50 109 54 105 53 34 4 56 58 39 74 113 114 8 104 57 116 101 108 69 103 49 119 30 1 68 93 65
53 56 49 101 55 116 113 59 57 34 50 65 108 117 60 58 51 40 67 68 84 66 76 8 39 7 83 125 114 52
54 109 52 105 56 59 50 32 4 18 51 66 104 58 86 60 91 111 57 117 116 29 17 107 2 74 113 93 76 103
55 98 56 53 99 60 49 11 59 101 115 116 34 113 102 65 76 91 70 117 38 108 10 51 1 23 121 96 97 32
56 53 59 55 113 49 116 101 76 117 34 108 60 8 99 50 14 84 11 51 67 57 48 93 97 70 58 83 109 119
57 50 49 101 53 59 60 65 58 113 108 116 61 64 34 68 28 40 56 69 88 21 109 103 6 1 120 8 32 76
58 50 49 93 113 8 73 57 122 108 53 92 103 118 67 14 117 34 105 120 116 119 64 104 107 88 66 101 96 61
59 56 53 52 57 113 50 34 101 55 60 1 116 108 49 109 119 65 117 105 58 14 103 76 121 39 23 54 61 104
60 101 55 57 53 65 59 116 56 17 58 49 113 98 66 32 108 33 64 1 102 50 40 104 44 51 109 115 21 28
61 113 108 101 103 6 117 57 50 76 1 21 49 88 2 58 46 95 73 42 119 34 8 102 59 40 97 33 28 83
62 96 103 113 107 76 119 0 117 93 12 49 56 14 58 3 81 4 118 122 92 95 97 10 102 50 61 53 55 108
63 47 18 98 74 91 69 111 64 86 105 7 16 31 123 34 126 38 29 115 67 35 73 51 26 109 23 43 58 32
64 69 67 68 66 101 34 116 57 86 114 58 24 50 43 47 65 60 28 36 13 108 49 31 17 113 7 85 61 59
65 17 53 101 57 116 60 49 50 67 40 55 51 25 13 86 59 56 66 58 64 38 39 34 43 32 33 113 105 1
66 116 68 67 101 69 64 39 114 34 53 58 51 108 56 86 65 8 60 32 23 109 17 125 50 15 57 48 113 25
67 66 64 116 68 101 69 58 34 25 53 65 114 8 56 17 86 51 113 47 49 39 4 50 108 38 123 15 46 105
68 69 66 116 64 67 101 34 39 57 53 114 25 21 7 46 108 8 15 40 48 50 86 56 59 58 51 42 13 41
69 64 68 66 34 67 116 101 7 57 86 114 31 50 53 24 51 39 58 13 65 59 52 8 105 17 43 109 32 85
70 99 71 11 84 48 115 56 97 55 18 14 96 91 3 102 121 106 100 23 125 117 93 12 53 10 59 7 119 21
71 84 70 14 99 120 96 122 11 18 115 10 125 38 119 91 83 117 118 73 105 97 93 95 102 29 76 48 3 106
72 75 119 76 121 92 6 122 9 120 89 49 97 14 95 81 12 96 73 3 0 107 114 117 104 20 83 118 62 1
73 118 122 120 6 95 88 76 14 50 96 97 49 123 10 83 58 119 16 117 84 113 121 108 93 100 71 104 61 1
74 18 95 4 96 118 101 115 116 7 34 52 76 24 48 10 36 40 114 21 11 122 51 102 47 17 14 98 30 91
75 72 89 81 12 19 9 79 87 20 35 92 1 112 37 78 119 77 6 2 122 100 26 111 28 76 124 106 110 97
76 117 73 113 49 95 121 119 97 96 118 102 83 108 14 10 122 88 106 84 56 1 6 120 103 50 62 61 53 40
77 79 82 80 81 78 87 9 37 28 100 92 93 31 29 124 96 62 75 0 22 3 119 122 12 106 109 89 14 16
78 82 81 80 79 87 77 124 111 29 92 26 37 0 3 89 28 100 107 23 75 9 62 22 1 19 93 31 61 14
79 82 77 78 81 124 87 80 111 89 26 9 31 75 28 107 109 110 29 20 92 37 62 72 3 19 126 122 22 93
80 81 82 78 77 29 92 37 93 14 87 119 97 79 28 122 3 100 58 71 0 12 62 118 121 73 22 106 107 84
81 80 82 78 77 79 92 62 0 119 29 97 14 12 103 28 37 3 106 89 107 122 75 87 93 96 100 72 26 117
82 78 81 80 79 77 124 87 111 3 92 26 37 29 62 107 0 28 109 93 89 12 22 103 110 19 100 23 106 31
83 97 95 14 10 73 76 96 118 120 6 122 49 84 117 119 121 102 100 88 16 58 108 53 56 71 50 113 40 48
84 71 117 14 10 102 95 99 83 70 48 119 97 96 76 106 73 125 122 53 118 120 56 91 98 29 6 105 113 8
85 94 43 90 86 24 36 13 41 17 15 45 22 111 37 126 30 64 5 31 69 67 26 74 33 25 110 42 39 124
86 43 13 85 94 17 90 24 15 36 41 45 64 22 111 67 65 69 116 66 39 5 101 32 126 68 25 37 38 47
87 78 82 77 80 79 9 29 81 89 106 75 3 124 122 118 26 14 19 23 111 62 107 20 95 96 12 100 71 38
88 6 73 120 122 118 95 123 50 117 49 1 76 96 10 113 108 97 119 58 83 61 103 57 8 14 84 121 100 71
89 106 20 79 111 75 19 91 102 81 1 29 35 72 96 87 62 78 4 26 76 117 70 124 122 105 104 82 119 97
90 94 43 85 86 36 24 13 17 22 45 41 15 37 30 111 126 5 33 46 21 40 65 42 64 74 115 31 110 124
91 99 98 11 102 84 71 55 18 70 56 48 97 105 4 115 117 32 74 3 23 14 63 106 38 34 89 107 96 47
92 58 50 107 81 49 0 93 80 108 3 122 105 119 8 62 121 103 113 53 73 84 96 12 29 4 1 97 76 56
93 58 49 122 50 14 10 104 0 96 107 120 8 117 121 118 113 56 73 62 108 92 97 23 76 84 53 119 71 3
94 90 85 43 86 24 36 13 17 41 45 22 15 37 111 126 5 30 21 31 65 33 46 42 25 110 124 74 115 64
95 118 122 73 96 14 10 97 120 117 88 76 83 6 49 84 119 16 123 100 50 113 102 74 108 58 8 121 48 61
96 10 122 118 95 97 14 120 73 102 49 121 117 100 76 83 88 84 6 62 71 16 119 50 113 93 58 1 99 123
97 14 122 118 10 96 95 83 119 73 102 120 117 76 100 121 6 84 49 88 103 16 108 56 58 11 0 99 93 113
98 55 91 102 115 11 125 32 48 99 84 60 116 105 10 71 53 56 7 76 101 39 97 34 65 63 83 74 117 23
99 70 11 55 91 71 84 115 56 10 48 98 96 97 102 117 121 100 18 53 14 3 83 125 74 59 106 12 95 49
100 96 97 122 83 120 95 121 16 118 14 10 73 99 119 70 0 11 88 71 6 93 80 102 49 48 18 74 115 77
101 116 53 34 57 108 40 66 113 39 64 49 68 21 60 61 67 50 46 65 56 59 55 69 25 33 42 51 30 58
102 96 10 97 106 76 117 84 48 98 11 33 83 119 14 113 108 95 55 91 118 121 99 16 27 6 71 61 46 56
103 113 61 117 58 50 49 62 76 119 8 14 32 97 106 88 4 105 108 118 57 6 59 0 53 56 73 107 104 92
104 93 58 49 113 50 8 73 1 84 105 103 57 59 38 14 60 76 117 52 61 108 95 32 56 120 0 88 122 53
105 4 32 109 50 58 116 8 52 34 23 29 39 103 108 54 25 59 106 53 84 14 71 92 125 56 113 38 98 107
106 102 76 117 84 119 4 14 103 118 48 105 95 97 89 125 29 71 70 7 108 27 96 111 56 21 113 10 30 99
107 0 62 92 93 58 50 3 8 12 122 49 113 105 103 96 108 120 119 14 56 118 109 71 59 97 4 73 91 53
108 113 101 61 50 49 117 53 76 58 57 112 8 56 116 6 10 119 88 34 59 2 102 95 97 1 118 73 4 105
109 54 52 105 50 4 59 32 57 56 23 7 35 58 66 93 110 60 103 116 86 107 34 84 119 53 39 15 92 12
110 109 15 32 7 94 35 90 85 106 86 105 26 43 111 18 79 81 124 52 4 24 19 41 84 22 89 13 17 47
111 124 15 41 26 13 86 94 85 43 90 24 82 21 45 79 78 89 25 106 35 37 109 22 63 31 23 54 91 36
112 108 2 83 61 19 76 6 113 95 106 117 33 122 44 119 97 40 102 88 21 118 4 1 27 46 101 39 48 114
113 108 61 49 117 53 50 76 56 101 1 103 59 58 57 8 10 88 62 102 122 96 73 119 55 104 95 118 120 34
114 66 34 64 68 67 39 53 69 116 113 101 56 23 4 7 49 50 52 74 59 58 26 51 83 86 57 105 125 8
115 55 98 99 70 71 47 74 84 48 96 60 11 91 16 12 32 18 14 122 21 37 56 5 58 23 119 92 45 97
116 101 66 68 39 53 67 34 56 65 69 57 64 60 59 108 25 58 17 49 55 50 40 105 8 51 21 48 86 46
117 76 113 84 10 95 118 6 120 96 14 88 49 97 122 102 108 119 53 1 103 61 83 73 56 58 106 50 8 121
118 122 73 95 14 96 120 97 10 88 49 117 6 76 123 119 83 50 58 16 84 100 113 121 93 108 102 106 103 71
119 14 97 122 76 117 118 120 73 6 95 84 83 48 106 108 102 96 103 58 88 50 113 10 49 59 62 71 12 29
120 122 73 118 88 14 96 95 117 49 6 97 50 10 83 119 71 123 8 58 76 100 84 1 93 113 121 57 103 108
121 96 76 10 49 97 1 11 83 100 14 117 118 122 120 93 73 102 58 95 50 59 99 56 123 28 92 12 55 6
122 118 73 120 96 97 95 14 10 88 49 50 119 117 6 100 83 58 76 123 93 16 84 113 1 71 121 0 12 108
123 88 73 118 10 122 120 95 50 1 6 49 96 58 117 40 33 113 121 39 46 76 67 8 83 25 97 14 30 65
124 111 82 78 79 26 15 41 13 94 37 90 85 81 89 31 87 110 54 45 43 77 109 25 29 86 19 24 22 21
125 48 84 98 71 117 53 11 105 39 7 106 66 32 14 70 83 116 10 102 68 51 114 99 55 56 119 16 34 18
126 31 22 94 13 41 90 85 37 86 43 5 17 36 24 45 47 15 28 25 30 7 26 115 69 111 109 66 63 67
