0 92 2 93 112 114 107 19 113 104 5 13 9 61 4 126 3 62 39 17 47 103 116 108 90 109 8 31 18 69
1 108 77 29 8 23 20 79 111 101 34 103 80 37 75 26 40 105 21 45 35 31 28 116 61 30 33 25 41 65
2 19 0 92 3 93 107 82 81 112 62 80 17 72 90 114 79 104 12 125 113 109 9 5 49 75 87 94 38 59
3 2 19 79 89 8 0 17 62 103 82 94 92 72 125 87 81 40 90 106 75 126 42 110 9 113 1 108 5 107
4 104 113 9 114 107 61 39 13 112 116 126 108 8 66 103 5 22 31 69 28 78 34 25 23 68 67 37 64 29
5 13 114 109 38 15 59 17 58 50 53 116 22 101 56 49 60 42 55 51 104 54 21 24 44 45 33 4 113 66
6 98 14 11 7 121 18 102 63 73 119 88 70 122 10 115 99 74 84 76 117 48 120 118 54 16 123 106 95 55
7 14 98 6 121 88 63 106 70 102 99 119 11 51 115 76 18 123 118 117 48 73 53 122 84 120 57 16 49 94
8 108 78 77 1 105 75 61 79 126 103 9 39 80 4 23 40 113 29 111 104 34 26 49 31 107 58 28 35 110
9 4 113 104 107 114 108 13 61 103 78 8 39 116 112 5 126 81 80 31 77 32 35 20 29 22 23 28 12 26
10 74 100 11 16 18 48 115 70 120 95 6 122 47 99 118 96 14 123 84 76 91 63 97 73 83 121 98 102 7
11 74 100 6 18 10 122 73 102 97 118 76 84 95 14 96 71 70 48 120 83 7 63 121 115 119 16 99 88 47
12 78 80 77 75 32 35 81 79 23 89 26 72 1 20 51 111 49 108 28 7 106 38 53 57 105 8 123 121 88
13 5 114 109 116 15 4 39 113 59 104 9 58 107 56 61 22 69 53 66 43 67 68 64 28 17 126 38 86 25
14 7 98 63 121 6 102 70 119 117 118 115 122 73 88 84 120 16 18 83 99 11 123 48 76 95 74 10 106 96
15 59 109 86 58 60 53 54 38 50 57 17 56 23 49 51 52 55 43 22 5 13 21 64 41 98 32 66 25 28
16 70 48 115 123 95 10 14 118 18 120 63 74 102 84 99 122 121 88 11 73 6 119 100 117 7 98 47 91 76
17 15 38 53 49 59 58 40 5 109 86 57 46 106 21 52 60 41 51 50 54 110 7 28 30 43 25 44 45 56
18 74 11 6 48 10 102 14 118 98 122 16 76 95 73 97 96 70 100 83 63 120 7 121 84 119 99 115 117 71
19 2 62 93 81 82 92 80 0 49 17 72 107 109 52 59 120 117 57 38 58 99 50 3 121 56 79 87 5 35
20 29 23 35 25 28 105 22 37 31 26 61 32 1 41 21 38 34 45 43 64 44 15 69 67 66 86 30 126 101
21 44 30 41 36 33 43 27 101 45 46 24 42 66 34 54 56 67 64 68 50 58 15 59 55 60 109 28 38 35
22 25 29 31 64 66 20 28 38 37 116 23 59 15 50 61 55 54 26 126 35 34 109 69 56 58 111 60 104 67
23 29 35 26 32 20 77 28 15 43 22 53 25 38 41 54 1 105 111 31 21 37 124 64 44 101 78 30 45 55
24 45 41 21 44 43 33 30 46 56 111 54 55 50 36 42 60 58 27 86 6 59 94 98 7 101 15 53 51 109
25 28 22 31 37 34 66 20 116 64 126 29 61 38 67 105 68 69 23 43 35 108 44 41 21 58 15 26 59 53
26 35 29 23 32 20 111 37 22 43 78 28 25 105 124 1 54 38 108 57 58 77 31 49 59 24 55 51 50 44
27 36 43 21 30 44 41 101 33 46 42 105 45 58 53 94 111 68 40 24 51 28 34 7 60 67 50 109 54 57
28 25 37 31 105 20 34 22 23 29 68 43 116 32 66 30 67 108 41 44 35 21 61 38 26 36 27 15 64 124
29 20 23 35 26 22 37 31 25 28 32 61 105 124 1 38 108 54 43 77 64 111 66 41 55 45 15 34 126 59
30 44 21 36 41 33 43 27 101 45 46 24 55 42 56 54 28 34 50 58 109 111 59 35 38 105 68 23 40 66
31 37 25 34 22 28 20 108 29 61 116 126 23 66 35 105 67 68 1 64 41 30 26 111 43 69 44 21 58 101
32 23 35 26 28 20 29 12 15 78 38 53 51 22 30 43 49 21 41 111 25 27 77 105 101 44 124 36 54 50
33 21 30 44 41 36 46 27 43 45 101 24 42 50 66 68 64 56 58 59 69 28 54 67 60 105 35 65 55 34
34 31 25 126 28 66 37 67 68 108 21 105 44 30 43 64 61 22 116 20 40 1 27 46 69 36 111 101 41 33
35 26 23 29 32 20 105 38 37 54 25 43 41 28 22 50 21 30 55 44 49 31 124 77 101 51 15 57 33 1
36 30 21 44 27 41 43 101 33 46 45 68 42 66 24 94 60 28 34 25 64 58 54 23 105 59 55 65 6 53
37 31 25 28 29 34 20 22 105 61 35 111 64 26 69 108 126 23 116 44 66 1 67 38 43 21 30 33 65 45
38 59 109 58 49 53 50 15 60 56 22 54 51 64 57 55 25 17 35 5 66 23 41 29 52 21 30 43 44 20
39 114 69 68 104 126 66 4 13 64 67 65 107 108 116 61 113 112 8 103 34 9 31 22 40 25 58 109 15 23
40 94 41 43 17 86 108 21 27 34 30 78 1 45 15 103 68 36 46 44 57 7 106 98 24 49 25 28 58 126
41 21 44 30 45 36 43 33 46 27 24 101 56 54 42 55 60 50 40 86 59 66 15 38 68 58 23 109 111 28
42 101 41 21 27 44 111 30 33 36 124 94 24 46 45 43 56 5 54 1 60 32 40 108 116 6 13 34 31 98
43 21 27 44 36 30 41 46 45 33 24 58 59 28 109 101 23 98 15 6 50 40 55 105 111 7 25 56 124 54
44 30 21 36 41 43 33 101 27 45 24 46 42 56 34 68 54 66 111 28 25 55 50 105 67 58 109 59 23 38
45 41 21 44 30 24 43 46 33 56 36 54 55 27 101 50 86 58 60 64 111 20 6 23 42 38 7 109 51 40
46 41 43 21 45 33 30 27 44 36 24 53 58 111 7 60 59 106 42 98 94 101 17 34 56 23 54 6 15 51
47 91 100 10 71 70 97 11 74 83 120 16 102 95 96 115 118 122 123 84 76 48 18 73 14 63 99 117 119 6
48 70 16 123 18 10 115 95 99 74 120 98 11 14 6 7 118 102 122 100 63 121 119 88 106 84 73 117 76 96
49 51 58 57 53 59 38 50 54 109 98 60 106 52 15 7 55 121 17 14 43 6 56 88 35 123 99 124 32 63
50 54 56 59 58 57 55 52 53 49 60 51 38 15 109 33 41 6 43 21 22 30 24 45 44 35 5 98 14 64
51 53 49 57 58 54 55 7 59 50 60 38 56 52 109 15 106 98 43 14 6 41 27 32 21 45 35 46 102 30
52 50 56 58 57 59 54 60 49 51 53 15 109 86 38 98 43 17 67 6 123 55 21 41 16 10 14 106 68 27
53 51 60 57 59 58 54 49 109 50 55 15 38 56 7 52 106 17 46 23 27 86 43 98 41 64 6 5 66 25
54 56 55 60 50 59 53 51 109 58 57 15 41 49 6 52 38 45 21 30 98 24 44 35 86 43 14 23 22 7
55 54 56 50 53 51 59 57 60 41 109 38 6 30 45 15 49 43 98 24 21 22 44 14 58 35 7 23 102 36
56 54 55 50 59 109 60 58 52 41 57 53 38 45 51 15 24 44 30 21 43 86 33 49 22 46 13 5 64 36
57 58 49 53 59 50 51 60 54 98 56 55 15 52 109 38 106 7 14 6 43 121 17 117 105 86 123 41 35 63
58 57 59 49 109 50 60 53 38 51 56 15 54 52 43 106 21 17 27 46 41 30 110 45 5 55 98 44 24 33
59 109 58 56 15 50 57 53 38 54 60 49 51 55 52 43 22 41 5 17 64 21 30 66 13 46 44 25 33 110
60 54 53 58 59 56 57 15 50 38 55 51 109 49 52 41 21 6 45 24 46 43 44 36 86 98 64 66 22 27
61 108 116 126 25 20 37 4 31 29 34 22 105 66 28 113 39 9 8 13 104 23 1 69 64 103 67 35 114 68
62 38 80 81 93 15 49 57 35 109 54 17 52 51 6 121 19 50 59 88 77 29 53 60 82 58 55 56 99 98
63 121 122 115 14 120 88 117 84 118 70 102 73 99 123 95 83 6 7 119 16 98 11 18 74 10 48 96 76 106
64 66 67 65 69 68 22 25 38 21 59 39 15 37 109 34 41 33 116 45 53 23 60 50 29 126 44 28 20 36
65 64 67 69 68 66 39 21 25 44 36 33 34 116 45 37 126 20 27 1 22 41 28 30 60 31 105 43 109 23
66 68 64 67 69 65 25 34 22 116 126 21 39 38 28 36 44 41 33 59 31 61 15 37 23 60 53 30 29 20
67 68 66 64 65 69 34 25 116 21 28 39 44 105 126 22 37 31 27 20 33 109 52 41 38 15 43 59 36 30
68 67 66 69 64 65 39 34 28 36 21 44 25 126 41 33 116 30 27 43 105 59 31 22 58 40 109 38 20 52
69 66 68 64 67 65 126 39 116 25 37 22 34 33 109 20 21 53 60 38 31 61 58 13 50 28 15 44 41 27
70 48 123 16 115 14 63 120 102 99 121 118 95 7 98 122 10 6 88 84 11 91 119 117 73 74 18 47 83 100
71 97 74 118 11 83 76 122 96 84 47 102 100 73 18 10 14 91 63 119 70 95 115 16 6 117 120 121 7 48
72 79 81 82 80 1 75 77 12 89 29 20 62 108 8 78 25 28 126 34 99 107 69 67 32 121 117 37 61 105
73 63 11 88 14 115 102 122 84 6 118 119 121 120 117 70 95 18 83 16 7 99 74 10 76 71 123 100 98 96
74 11 97 10 18 100 71 118 122 84 96 102 95 48 16 6 70 14 76 63 83 115 47 120 73 121 117 98 99 7
75 77 12 79 1 80 8 110 78 111 108 121 58 72 23 26 49 88 31 99 32 103 63 117 105 35 106 123 98 57
76 11 97 71 83 18 96 118 6 14 74 7 122 119 102 10 84 98 121 100 99 120 117 73 70 63 88 95 115 16
77 78 80 23 75 12 1 8 79 29 35 89 26 108 81 32 28 20 15 72 111 7 121 37 57 62 105 107 110 103
78 77 12 80 8 108 32 23 26 40 111 35 28 75 89 9 103 49 79 1 29 51 105 110 81 61 7 17 20 106
79 72 80 81 75 77 1 89 8 12 82 78 108 105 29 26 126 20 62 35 37 28 23 103 25 34 61 99 32 107
80 79 12 77 78 81 1 75 72 20 35 89 105 8 62 82 57 108 61 29 115 117 121 107 37 63 49 26 7 123
81 72 79 82 80 107 12 77 62 108 78 9 103 117 32 35 20 1 25 8 37 99 89 121 26 31 29 120 22 126
82 81 72 79 80 62 77 89 107 12 117 49 75 19 1 99 93 78 121 52 15 120 69 37 126 32 17 38 88 25
83 119 122 63 14 96 71 76 118 102 11 97 84 73 120 18 74 100 70 95 91 117 6 10 47 115 123 88 121 7
84 122 118 117 120 115 121 63 88 95 96 14 74 119 99 73 11 102 70 16 6 97 71 83 10 7 76 18 98 100
85 90 100 42 96 111 82 47 91 94 124 97 11 71 74 45 95 37 84 76 1 122 118 83 18 64 65 6 87 27
86 15 41 54 56 40 53 52 45 17 21 60 24 57 58 94 20 109 43 46 59 51 64 50 33 98 106 7 27 6
87 101 10 76 11 100 90 95 44 27 59 33 120 21 30 73 19 74 118 96 105 71 47 79 117 84 122 55 49 97
88 121 63 84 115 99 73 106 120 117 7 14 122 6 123 70 98 118 119 95 16 102 125 11 76 48 83 18 49 10
89 77 79 78 80 12 23 72 1 94 108 7 29 62 98 75 81 32 17 6 8 14 26 126 35 20 121 53 82 105
90 85 96 42 100 97 71 111 76 74 11 83 94 21 30 24 41 47 45 101 91 44 86 37 31 18 33 1 22 124
91 47 100 70 96 10 83 120 95 118 71 11 115 16 97 123 73 122 74 76 48 84 117 14 63 99 102 119 88 18
92 0 107 93 114 113 19 126 2 13 104 4 112 39 65 61 9 15 62 5 66 81 103 22 108 64 86 116 109 56
93 62 92 0 86 1 80 107 19 101 59 20 114 17 13 29 15 54 6 63 98 21 105 79 5 24 50 106 37 60
94 40 7 106 98 111 42 36 27 6 46 41 21 24 43 14 124 30 86 51 45 88 121 33 119 101 44 63 1 99
95 120 118 122 115 84 99 117 16 63 70 11 48 74 10 121 123 100 73 18 88 14 96 83 102 6 97 76 98 47
96 97 84 122 118 74 83 11 100 76 71 120 18 10 95 117 119 91 6 98 63 14 70 102 47 99 73 115 7 48
97 71 74 96 11 76 118 100 122 84 83 18 47 102 10 95 91 70 16 14 73 119 115 63 6 48 120 98 117 7
98 14 6 7 106 121 70 18 63 88 48 102 99 57 119 117 120 123 49 118 122 76 11 115 96 16 84 10 54 43
99 121 120 115 117 122 88 95 63 70 123 84 118 14 7 48 6 16 98 10 102 73 11 76 18 106 74 96 119 100
100 11 47 10 74 91 97 96 95 71 122 18 83 120 70 16 118 76 48 6 84 73 115 102 123 99 63 14 117 119
101 21 44 30 36 27 41 42 33 43 111 45 124 54 105 1 23 46 35 116 28 24 5 34 20 60 108 66 55 6
102 14 63 122 115 6 121 70 11 118 18 73 7 74 84 119 16 83 117 98 71 120 88 99 76 48 97 123 95 10
103 108 126 1 9 113 40 78 61 8 34 26 107 39 4 31 104 75 101 23 111 116 35 77 13 25 28 81 20 69
104 4 113 114 107 9 112 39 13 22 126 61 5 116 66 31 103 8 108 69 25 29 78 28 64 37 23 15 34 40
105 28 20 35 37 34 27 25 43 29 23 108 44 61 21 126 67 30 101 41 57 31 68 26 8 36 1 33 66 50
106 98 88 7 14 49 57 6 121 123 51 53 70 99 58 63 120 48 115 94 84 117 119 46 43 17 60 38 102 59
107 104 112 114 4 113 9 39 13 81 103 61 126 116 80 108 77 8 92 69 93 62 66 31 22 78 82 15 12 79
108 8 61 1 126 31 34 116 78 103 28 111 25 105 9 40 37 29 39 23 26 22 77 101 35 20 4 43 36 75
109 59 58 38 56 15 54 53 60 49 57 13 55 50 51 5 52 43 64 41 30 17 21 22 44 110 45 69 67 25
110 58 59 109 75 15 105 50 49 51 57 68 123 53 27 17 43 28 66 25 60 67 36 106 38 44 52 21 32 30
111 124 42 101 26 37 24 43 44 108 41 30 94 46 23 45 27 1 21 22 34 29 25 78 36 32 75 31 51 33
112 107 114 104 113 4 39 9 13 103 61 116 126 0 108 8 22 31 66 92 77 25 34 81 67 5 37 78 79 28
113 104 4 114 9 107 112 13 61 39 103 116 5 126 108 8 31 22 66 78 25 29 69 28 34 37 92 77 26 81
114 104 113 4 112 13 107 5 39 9 22 116 61 126 66 31 109 64 69 15 25 17 108 103 59 67 38 68 34 37
115 120 121 63 99 70 122 84 117 16 123 118 88 95 102 14 73 48 10 119 6 11 7 74 98 18 83 76 106 91
116 61 25 66 22 126 13 108 69 67 28 31 4 64 34 68 39 37 5 101 65 1 44 113 21 20 114 104 30 33
117 120 121 122 99 84 118 63 115 14 95 88 119 73 70 102 6 98 7 123 96 16 11 83 76 18 74 10 106 48
118 122 84 95 120 117 63 115 74 14 121 96 102 11 70 99 97 73 18 71 16 83 76 88 119 10 6 7 48 98
119 14 83 84 6 73 117 63 102 115 7 70 88 118 98 121 11 122 76 96 16 18 120 123 48 74 10 71 106 99
120 117 122 99 95 115 121 118 63 84 70 123 88 14 16 10 73 48 11 6 96 102 83 98 18 100 91 74 119 7
121 99 117 63 88 115 120 14 122 84 6 7 118 102 70 98 73 123 95 11 16 119 18 76 106 48 10 74 49 83
122 118 84 120 63 117 95 115 121 99 102 74 11 96 14 83 88 73 70 18 6 97 71 10 16 100 119 76 7 98
123 70 48 115 16 63 120 99 88 121 14 95 7 98 10 117 6 102 122 106 119 18 83 73 91 49 118 100 84 11
124 111 43 42 29 101 23 41 35 26 28 38 94 21 49 25 45 46 54 30 50 20 98 27 7 32 37 58 106 31
125 88 7 43 98 63 49 121 106 6 123 16 48 5 46 14 99 18 95 120 58 73 11 54 53 51 55 57 24 50
126 34 69 61 108 66 25 39 116 68 31 22 37 105 4 103 67 64 104 28 20 36 21 8 29 65 43 30 40 114
