0 3 19 107 93 89 78 62 82 104 77 2 15 80 63 47 92 106 113 61 105 96 118 91 6 98 87 26 102 123
1 24 45 40 27 36 101 124 44 43 67 108 39 112 114 34 59 121 122 83 57 64 11 49 70 51 53 106 116 66
2 6 108 7 112 91 93 121 63 118 71 96 70 92 125 47 83 61 76 119 11 102 19 10 114 48 51 56 98 84
3 19 0 93 82 62 92 80 77 91 63 6 87 2 78 4 107 71 96 123 118 100 119 47 104 102 98 125 61 75
4 116 57 53 34 108 56 51 83 69 105 70 55 59 50 49 32 35 100 66 118 39 52 71 48 10 122 75 17 7
5 85 42 90 38 86 30 46 33 21 41 13 22 126 94 69 37 111 109 124 101 60 59 68 31 27 15 20 54 58
6 91 96 71 47 76 7 63 70 118 10 125 11 121 2 119 83 100 102 98 122 115 48 51 95 73 53 84 93 106
7 71 76 63 118 70 47 11 96 83 6 91 98 121 125 115 10 48 51 73 84 117 95 119 122 2 123 102 100 53
8 56 51 53 55 108 114 11 115 52 95 34 120 123 1 118 83 97 121 59 76 69 70 117 91 122 63 96 93 71
9 75 80 82 77 13 12 72 119 125 123 78 120 91 117 71 115 111 99 84 98 102 96 122 100 92 76 97 16 6
10 71 96 115 91 70 102 97 48 76 6 122 100 95 51 120 11 98 7 47 73 125 83 16 63 118 84 119 117 56
11 48 7 121 71 96 95 70 76 51 84 98 125 115 47 118 63 83 6 91 10 119 97 73 122 100 117 108 53 120
12 53 51 100 56 10 52 28 98 17 55 32 13 97 73 50 105 34 93 59 75 115 102 14 11 120 117 122 70 74
13 17 52 69 12 14 5 28 56 34 115 51 53 86 15 59 75 95 55 117 68 74 88 50 109 4 49 122 31 73
14 122 115 74 102 16 97 120 51 70 73 88 76 10 98 69 34 11 59 71 53 63 48 52 50 117 56 49 57 55
15 17 23 13 25 18 38 89 93 98 103 110 104 12 107 106 111 20 100 102 105 61 50 0 28 29 53 113 59 82
16 117 122 106 18 97 10 14 115 74 88 70 48 11 60 71 118 120 123 76 55 69 58 95 51 39 119 102 73 59
17 53 105 23 52 49 60 50 13 55 58 64 28 57 116 18 39 25 51 34 69 100 56 59 54 12 73 65 109 93
18 106 122 16 99 64 43 57 49 17 10 109 69 59 88 100 58 27 66 50 117 60 39 34 65 14 102 116 84 76
19 93 3 0 53 56 7 55 63 92 4 2 116 61 118 76 25 51 91 6 105 96 102 114 17 52 73 23 35 108
20 23 35 105 25 31 103 106 15 38 116 66 86 12 17 26 114 28 32 122 61 19 47 69 118 4 76 88 73 85
21 33 30 41 46 42 90 27 85 5 36 101 24 43 124 86 38 94 111 22 40 44 45 1 67 65 37 126 66 39
22 37 42 90 85 30 41 21 46 33 5 29 113 38 81 111 86 26 94 126 101 80 110 82 103 25 78 31 15 44
23 17 25 105 35 20 31 61 32 116 15 53 118 93 76 55 106 51 4 70 19 10 13 57 71 49 96 50 28 12
24 36 27 40 45 43 1 44 101 67 124 65 68 64 39 94 33 66 108 83 21 122 106 48 70 16 30 59 41 115
25 116 31 66 106 61 39 23 105 69 17 114 93 35 57 32 53 16 20 65 28 18 55 73 64 10 49 50 83 15
26 29 103 78 81 80 104 89 82 77 110 72 111 113 107 20 15 47 87 125 62 9 25 22 0 37 98 19 32 23
27 36 24 43 40 45 101 21 44 33 1 41 30 124 94 46 106 39 64 67 65 18 83 59 66 16 109 49 108 122
28 51 53 17 31 56 12 52 116 122 73 69 34 10 66 61 13 60 98 115 100 117 45 55 76 109 25 57 58 11
29 26 78 81 80 103 82 110 104 113 77 72 37 22 107 89 79 15 111 25 9 62 123 0 20 87 3 76 32 93
30 21 46 33 41 90 42 85 5 27 124 101 36 111 94 24 38 22 40 43 44 86 45 37 1 126 67 66 65 64
31 69 25 66 61 28 39 23 116 60 122 109 57 52 16 35 17 59 49 73 53 32 51 55 58 54 50 18 4 64
32 35 93 116 12 4 53 23 25 31 66 10 105 7 50 57 51 83 70 65 47 56 17 97 71 98 76 60 11 61
33 21 30 41 46 42 90 27 5 85 124 101 44 36 111 24 43 94 86 38 40 22 45 1 65 67 126 37 69 16
34 59 67 69 53 109 56 52 68 55 57 58 51 50 64 49 54 60 65 66 108 39 122 4 14 115 116 73 17 11
35 32 23 25 20 4 105 116 31 50 17 106 53 57 69 76 47 12 88 93 19 71 59 70 52 10 55 97 74 118
36 27 24 43 40 45 44 101 1 94 124 33 21 64 30 39 67 41 65 106 108 83 46 59 16 18 68 109 70 118
37 22 113 80 81 29 90 82 42 85 30 5 46 78 33 41 21 79 111 110 38 26 103 86 89 72 94 20 15 25
38 86 5 85 90 42 109 60 59 58 41 30 54 69 21 46 33 49 50 57 126 66 15 65 31 13 52 64 17 20
39 116 64 66 61 69 65 114 40 109 60 57 34 108 45 53 55 51 49 27 24 25 58 83 67 59 106 52 11 16
40 45 24 36 27 1 43 44 101 124 94 67 39 64 122 108 65 11 66 96 68 69 70 51 30 83 34 16 84 59
41 21 33 30 46 90 42 85 27 5 43 36 101 38 24 94 86 22 124 111 40 44 45 1 126 37 67 64 88 49
42 90 85 5 21 30 33 46 41 86 38 22 126 94 111 37 27 101 44 124 43 36 72 113 20 110 15 24 13 109
43 36 27 24 40 45 44 1 18 94 33 101 67 124 41 21 65 39 64 30 106 54 59 68 109 60 46 91 16 122
44 24 40 36 45 27 124 101 94 43 1 33 65 67 30 64 122 21 115 68 41 46 11 108 47 66 99 48 10 112
45 40 24 36 27 1 44 43 124 101 39 65 67 64 94 66 83 109 51 84 11 68 70 76 108 71 122 117 96 16
46 30 21 33 41 90 42 85 5 101 27 124 111 94 38 24 22 36 40 86 43 44 45 37 67 1 126 65 66 109
47 63 71 96 70 7 6 98 76 119 125 91 118 11 121 102 83 51 10 115 100 84 48 73 122 53 95 117 106 97
48 95 70 115 11 120 71 10 96 51 83 76 121 97 7 63 98 125 74 122 102 123 91 84 47 118 16 56 53 6
49 58 57 59 55 50 109 60 54 52 34 53 69 56 66 65 64 67 51 68 39 86 17 18 106 116 16 14 4 117
50 59 57 58 109 49 60 55 52 53 56 34 51 54 69 65 67 64 68 66 17 116 86 102 14 39 114 4 12 18
51 56 53 55 52 34 50 11 70 57 98 125 95 115 71 120 59 96 10 48 97 100 76 121 47 49 7 122 118 63
52 56 53 50 55 59 34 57 51 49 58 109 54 60 69 66 64 67 68 65 73 74 17 115 39 12 116 48 95 14
53 56 51 52 55 34 50 59 57 58 49 100 109 117 60 98 12 93 102 69 71 17 68 11 116 70 67 65 63 73
54 60 109 58 49 57 59 50 52 55 34 67 64 65 69 68 56 53 66 51 86 17 74 39 38 16 18 43 122 31
55 49 56 51 53 50 52 57 59 58 34 60 109 54 69 67 65 64 66 39 68 120 115 17 74 16 116 106 95 48
56 53 51 52 55 34 50 57 59 49 58 109 54 60 73 69 115 64 11 95 120 67 70 48 66 65 97 108 10 71
57 59 49 58 109 50 60 55 54 52 34 56 53 51 64 65 69 66 67 116 68 39 4 74 86 18 17 105 114 106
58 49 59 57 109 60 50 54 55 34 52 53 67 64 56 69 65 68 66 51 86 39 17 16 18 106 38 117 116 105
59 109 57 58 50 49 34 60 52 55 67 54 53 69 56 68 65 51 64 66 86 39 14 18 16 114 17 108 4 38
60 58 109 57 54 50 59 49 55 52 64 34 69 67 65 53 66 56 68 51 39 86 16 74 17 38 116 31 99 18
61 116 39 108 114 25 51 31 118 93 105 106 53 66 47 76 55 70 23 119 71 96 11 17 28 2 52 63 7 98
62 104 3 92 107 110 0 78 77 82 80 87 89 6 91 113 7 63 19 2 112 26 118 71 96 29 9 47 70 81
63 71 47 98 96 7 70 102 91 118 6 76 125 119 11 121 83 100 48 51 117 115 122 10 53 106 73 95 97 123
64 65 66 34 39 69 68 67 109 60 57 54 58 59 49 52 55 50 56 53 51 24 40 18 27 45 17 122 108 36
65 64 68 66 69 67 57 59 49 54 109 34 60 58 50 55 39 53 52 24 56 45 51 27 40 74 16 108 44 43
66 69 64 65 39 116 49 52 57 34 60 58 109 55 67 59 50 31 25 114 56 54 53 122 51 68 24 45 74 61
67 34 59 68 109 69 58 65 64 54 60 24 57 49 55 50 53 66 52 40 108 51 56 1 45 39 27 43 74 36
68 67 34 65 69 59 64 109 54 58 49 60 53 57 50 52 24 55 56 66 51 45 14 40 39 74 115 17 27 108
69 34 66 59 64 67 68 109 52 65 49 60 57 58 54 55 50 39 56 31 53 51 122 14 86 116 16 114 25 115
70 71 96 83 7 47 63 76 48 98 11 118 10 6 91 102 115 125 51 119 121 122 106 117 95 100 73 97 120 84
71 96 63 70 47 91 7 76 98 6 10 118 119 11 125 83 48 102 121 73 51 122 115 100 120 117 95 84 97 123
72 80 81 78 26 77 82 29 111 9 113 94 103 89 124 110 44 79 107 98 126 0 119 42 3 104 125 85 101 37
73 122 84 71 96 7 76 56 11 70 91 51 10 115 98 53 88 47 118 14 52 63 117 125 83 48 100 93 34 121
74 14 120 115 97 48 95 16 52 51 57 60 122 55 56 65 69 66 53 67 88 70 34 11 54 50 73 10 64 49
75 56 53 51 12 34 52 4 48 9 120 84 115 14 11 13 73 95 55 98 68 97 70 117 125 74 50 121 71 122
76 7 71 70 96 6 47 91 11 63 83 10 98 118 115 117 122 119 48 102 51 125 121 73 100 95 84 97 120 106
77 78 82 80 81 89 26 103 113 29 72 9 3 104 107 0 92 19 62 111 87 93 2 123 79 47 15 91 110 8
78 80 82 77 81 113 29 103 26 89 72 107 104 0 3 79 62 110 37 9 87 111 19 92 93 15 123 20 8 25
79 113 80 82 81 78 29 110 8 37 93 9 3 72 15 12 19 104 103 77 111 84 28 120 75 53 97 13 92 107
80 82 78 77 81 113 29 26 72 79 103 104 37 89 9 110 3 107 111 62 0 19 15 92 93 87 25 8 123 22
81 78 80 82 77 29 113 103 26 72 79 37 8 110 111 89 22 104 9 107 123 47 0 87 62 94 3 15 20 28
82 80 78 77 81 113 29 26 89 103 79 3 9 104 72 107 37 110 0 19 62 111 92 15 93 8 87 25 123 61
83 70 7 71 76 118 11 96 98 121 106 47 48 119 63 91 51 6 10 122 115 117 125 84 73 95 53 102 100 39
84 73 11 123 71 51 7 47 70 76 96 48 10 122 88 83 121 98 91 118 95 115 99 100 63 117 56 108 125 45
85 90 42 5 38 46 86 30 41 21 33 94 22 126 37 101 111 27 124 44 69 20 13 66 31 43 15 68 109 14
86 38 5 85 42 109 58 59 60 49 90 57 54 69 50 66 65 33 41 21 30 52 13 34 46 68 67 55 18 27
87 3 89 104 62 47 78 4 80 26 71 77 96 125 92 63 107 0 82 9 84 113 6 123 91 29 81 119 11 75
88 73 16 122 97 84 14 120 117 10 51 76 70 123 71 18 74 102 50 17 96 48 106 115 11 53 7 83 100 12
89 104 113 26 111 77 82 78 103 110 80 107 0 15 87 29 81 62 72 19 3 9 92 63 20 124 123 23 119 17
90 85 42 5 46 30 21 41 33 38 86 22 94 126 37 111 101 27 124 44 20 43 36 69 72 66 67 110 24 40
91 96 6 71 63 10 7 76 47 70 118 98 100 11 102 83 73 121 48 125 51 122 119 115 53 117 84 2 95 123
92 93 2 7 114 19 116 70 96 107 3 63 91 123 6 108 62 61 84 98 71 102 39 118 47 100 120 121 125 11
93 19 53 56 51 2 3 73 7 61 116 32 25 47 102 105 63 55 118 6 100 92 17 98 96 12 91 10 52 70
94 40 44 36 27 43 24 85 45 90 101 30 41 33 42 46 21 124 67 5 126 115 38 72 84 1 96 11 95 68
95 48 115 11 120 51 10 97 125 70 71 96 117 76 74 7 123 98 100 56 63 119 53 121 83 47 84 108 91 118
96 71 91 47 63 70 6 76 7 10 102 11 98 118 48 125 121 83 51 115 119 73 120 95 122 100 123 106 84 97
97 120 10 95 115 51 125 121 48 11 71 70 74 98 16 102 96 14 122 76 88 56 63 119 53 47 7 91 83 73
98 63 71 102 47 96 70 118 117 11 119 100 7 125 51 76 83 91 121 122 10 53 48 97 73 115 95 6 84 106
99 18 11 100 102 84 122 76 39 48 70 10 16 95 125 98 60 119 123 74 71 96 63 51 108 83 115 57 121 47
100 119 117 98 102 53 10 91 71 51 63 70 118 96 76 11 47 6 95 122 115 125 48 12 73 7 99 83 56 84
101 24 124 27 40 36 45 1 44 30 46 33 21 43 94 41 67 122 39 112 64 85 13 66 65 106 90 83 68 111
102 98 63 96 10 71 70 100 47 119 122 117 76 91 14 115 53 51 118 106 6 97 48 125 11 7 83 99 95 120
103 26 78 29 81 104 110 77 107 89 82 80 111 20 15 113 25 72 47 93 76 117 98 3 0 126 28 119 8 99
104 89 103 62 110 26 29 80 111 82 107 78 77 15 87 0 92 3 113 35 23 47 81 63 93 6 76 32 119 98
105 17 116 53 23 25 57 114 61 4 93 106 12 59 35 50 60 58 55 51 109 39 10 118 96 16 100 20 6 18
106 70 118 83 18 96 102 16 71 63 76 119 25 122 27 98 47 114 39 116 55 49 7 10 117 57 61 48 66 58
107 110 103 93 92 78 0 89 63 82 104 62 80 91 77 123 15 113 29 26 96 3 47 112 102 19 7 118 98 71
108 2 51 116 61 11 34 53 67 39 1 114 118 56 4 115 63 95 7 70 48 121 64 83 40 71 24 84 65 122
109 59 58 57 50 60 49 54 34 67 52 69 55 64 68 65 53 56 86 66 51 39 38 18 45 116 17 31 16 105
110 104 29 103 113 107 89 26 111 80 62 82 15 79 78 81 72 37 30 20 0 77 42 25 63 22 92 46 90 87
111 33 30 46 89 21 42 124 41 104 110 103 90 26 72 15 85 80 82 5 101 81 113 29 9 78 22 77 119 99
112 2 1 108 116 6 7 83 124 45 39 24 118 96 84 47 63 70 121 91 101 71 11 40 36 44 106 107 43 102
113 82 80 78 37 81 89 110 79 77 29 22 26 107 103 72 104 15 111 0 62 3 87 9 42 30 25 41 33 92
114 116 39 66 108 53 61 106 69 118 57 121 105 25 70 59 51 50 34 98 1 64 56 102 63 55 119 100 58 65
115 120 95 48 10 11 70 51 14 122 76 71 96 97 123 7 74 47 102 63 73 56 83 125 16 98 53 118 91 100
116 39 66 4 61 114 108 25 53 57 105 51 50 69 106 55 17 34 52 49 93 83 56 100 10 70 28 31 32 65
117 100 98 118 76 70 102 71 53 119 16 51 95 63 11 7 83 122 115 10 73 48 96 91 47 88 56 106 84 123
118 7 71 63 70 47 98 6 119 11 96 76 83 117 91 106 121 125 100 51 102 53 10 122 115 73 48 108 16 84
119 100 71 47 98 63 118 125 70 102 96 76 83 11 117 6 51 121 7 91 10 53 95 106 115 97 48 16 122 120
120 115 97 95 48 51 71 10 74 96 70 11 123 14 125 56 76 88 55 63 16 98 91 7 53 102 83 47 119 73
121 11 71 47 7 125 70 96 63 98 6 83 97 48 51 118 76 91 119 122 53 84 115 95 10 56 108 123 114 2
122 73 14 10 115 70 71 76 102 98 125 51 16 11 96 48 18 83 63 117 97 7 100 118 34 121 88 84 91 47
123 84 115 51 96 71 48 70 120 95 63 7 11 16 91 47 76 121 125 88 10 53 117 98 56 118 6 83 55 122
124 101 45 44 40 24 1 27 36 30 33 43 46 21 99 41 112 94 111 39 66 122 83 67 108 65 119 121 64 28
125 71 47 11 63 119 70 98 121 51 96 7 6 95 97 76 122 118 48 10 115 102 83 91 120 100 73 56 53 123
126 85 42 5 90 38 86 31 94 69 33 18 30 16 122 41 14 21 60 58 46 28 101 66 40 109 27 13 54 73
