0 79 3 107 8 82 81 104 78 80 19 92 17 62 32 87 93 103 26 77 12 105 2 89 15 110 61 29 121 4
1 108 124 63 96 101 92 52 50 66 67 100 122 58 116 85 118 51 115 54 10 64 125 65 91 69 88 57 4 59
2 92 1 108 105 52 124 96 59 91 93 104 4 63 0 20 14 22 58 99 50 100 12 116 115 101 122 125 123 3
3 107 0 79 8 78 62 19 104 110 17 81 103 32 89 82 26 92 87 80 71 2 29 113 15 77 61 105 75 98
4 105 116 20 53 59 52 108 64 69 93 50 60 67 101 66 58 56 92 1 65 109 55 34 14 114 120 22 37 71
5 86 109 55 60 53 44 45 64 43 24 69 90 67 38 59 41 56 65 27 57 37 15 49 54 66 13 21 36 34
6 18 7 95 102 83 119 76 84 73 106 71 97 117 98 120 42 123 37 16 14 11 4 88 122 22 48 33 36 69
7 6 18 76 95 102 83 106 71 73 37 119 84 97 42 11 122 88 4 22 117 25 14 60 23 105 33 20 118 98
8 0 103 79 104 61 113 3 26 78 107 82 80 81 89 17 62 19 28 32 77 29 105 31 15 126 4 87 110 71
9 12 93 82 17 80 23 51 121 77 35 4 74 105 85 29 50 0 13 58 47 15 66 53 124 113 119 52 22 60
10 63 52 91 50 96 100 51 58 115 16 47 121 88 118 54 1 125 108 57 70 53 124 120 93 122 123 12 101 92
11 122 70 125 102 84 16 65 100 120 34 95 7 69 67 85 14 118 108 88 25 99 6 64 10 66 123 63 36 1
12 93 52 50 91 9 92 58 105 108 1 116 51 53 4 121 57 96 16 10 66 54 124 109 85 60 20 59 123 115
13 51 53 109 59 60 50 57 56 5 54 52 85 58 66 105 116 64 67 93 47 15 12 55 65 17 92 4 49 108
14 18 100 120 97 122 70 67 93 52 102 4 84 16 51 91 108 53 63 71 105 76 25 1 50 58 11 101 47 37
15 22 109 64 28 5 56 66 67 54 38 60 85 4 37 58 50 68 52 57 93 17 59 55 69 31 53 49 105 13
16 123 47 120 88 91 83 63 118 102 125 115 122 100 70 10 121 117 52 1 50 96 71 108 11 14 85 76 93 58
17 110 86 103 8 3 107 26 28 0 15 5 78 61 32 79 9 38 104 113 13 60 41 82 35 119 93 89 22 29
18 76 6 95 7 84 83 119 14 71 102 122 73 106 97 117 100 48 120 88 37 123 98 4 16 22 118 105 11 20
19 3 8 0 104 107 82 79 103 81 80 62 89 121 78 29 61 99 20 17 93 98 9 2 72 112 32 110 26 75
20 4 105 116 1 93 108 59 92 73 69 114 12 55 66 109 39 64 76 37 99 91 7 49 117 22 18 23 2 25
21 44 41 43 24 45 40 90 86 38 27 94 46 36 111 5 42 30 68 85 17 31 106 66 37 28 33 35 7 6
22 66 85 67 15 68 60 69 108 109 37 116 57 64 105 65 1 50 56 58 4 59 54 52 25 53 101 99 7 34
23 37 93 25 85 35 66 105 4 7 53 9 20 5 51 97 18 92 12 108 69 52 14 13 99 60 117 65 123 120
24 45 43 44 21 41 40 90 86 94 38 27 46 36 111 5 42 30 106 68 66 67 85 39 31 33 65 69 64 55
25 37 67 66 85 116 64 69 58 60 23 57 53 65 108 59 4 105 109 50 22 54 52 34 93 56 14 95 16 1
26 79 61 81 78 82 8 113 126 80 32 31 104 103 77 17 28 110 87 0 3 86 107 62 38 89 41 29 57 75
27 36 42 46 40 30 21 90 68 44 41 45 33 24 85 43 111 94 5 67 66 65 86 74 69 64 37 34 70 60
28 31 61 38 113 86 15 126 8 17 5 22 26 103 119 80 79 55 37 48 109 77 76 7 44 41 82 78 40 6
29 104 32 82 80 81 121 77 8 12 103 35 0 93 17 75 9 62 89 79 3 99 23 92 72 38 105 19 26 119
30 46 42 36 33 27 67 111 90 65 68 101 69 118 34 88 97 85 95 66 122 1 108 64 63 16 84 124 73 59
31 28 61 38 126 86 113 26 15 78 22 5 32 41 103 109 55 79 119 40 44 39 8 80 17 37 77 48 21 54
32 79 26 29 80 3 35 0 78 8 62 17 31 15 81 61 105 113 107 38 82 104 103 13 71 5 77 72 75 89
33 30 42 36 27 46 85 1 111 95 124 101 68 73 118 102 108 84 25 7 122 88 100 67 6 63 96 66 11 37
34 65 64 67 58 53 57 59 60 50 54 56 52 109 69 66 68 108 51 55 101 49 1 4 85 116 105 5 39 30
35 23 32 20 93 17 5 85 9 116 29 12 104 25 123 37 114 110 51 53 66 92 99 57 11 55 1 109 58 18
36 27 42 46 30 33 68 40 41 44 24 21 45 90 85 111 84 43 5 67 69 65 94 95 97 86 34 101 11 64
37 25 66 85 69 23 67 22 5 7 108 60 64 116 105 4 54 1 57 15 97 109 53 65 95 59 84 88 50 18
38 86 41 44 21 43 40 31 24 45 28 5 90 61 15 94 126 17 26 111 64 109 32 48 77 69 37 27 54 55
39 55 64 69 56 67 109 59 116 65 49 101 68 53 54 34 60 66 5 105 57 114 4 50 22 108 92 20 37 85
40 21 43 41 44 24 45 27 90 86 46 94 111 38 36 42 85 5 68 66 30 31 37 67 33 17 106 28 39 22
41 44 21 24 45 43 40 86 38 90 94 27 46 36 111 5 42 31 30 66 17 69 55 68 67 106 64 126 49 28
42 36 27 30 46 33 68 111 40 90 84 85 21 45 7 67 95 101 6 97 44 73 24 41 94 102 108 118 43 65
43 24 45 21 44 41 40 90 94 86 38 111 27 46 5 36 42 66 30 106 68 85 37 67 65 31 64 35 34 48
44 41 21 45 24 43 40 86 90 38 94 27 46 36 5 111 42 30 31 28 17 106 33 69 68 66 67 85 6 26
45 24 43 44 21 41 40 90 94 86 111 27 38 46 5 36 42 30 68 106 66 85 33 55 31 65 67 64 39 7
46 27 30 36 42 40 67 33 41 68 21 45 24 44 90 111 43 66 69 85 65 34 70 59 101 11 5 74 86 94
47 16 123 88 121 63 51 125 10 115 91 52 120 96 118 102 50 100 57 117 1 53 108 122 58 83 65 70 85 124
48 18 76 84 119 91 88 70 95 71 16 97 115 53 83 6 100 64 93 37 118 38 7 102 51 28 122 66 15 109
49 55 109 59 56 54 50 57 64 60 53 58 67 34 52 66 69 39 5 65 4 101 68 124 73 108 51 15 105 114
50 52 58 57 54 59 53 60 56 108 67 109 51 64 66 34 65 63 49 10 1 96 101 124 91 69 4 55 68 115
51 53 52 58 50 57 54 67 65 66 47 10 34 56 64 60 63 108 121 59 1 13 70 109 96 100 116 85 101 124
52 50 58 53 51 57 54 10 108 63 60 96 67 56 59 101 64 1 91 34 65 109 66 92 93 100 4 116 124 105
53 60 52 58 50 51 59 57 54 65 67 64 109 34 56 66 108 116 4 69 105 101 55 49 63 5 13 96 85 93
54 58 50 57 60 53 52 64 56 67 59 109 66 34 49 51 65 108 55 10 69 1 85 116 101 124 5 63 13 68
55 49 59 109 56 64 60 39 5 73 53 50 54 67 57 69 34 65 66 4 68 58 105 101 52 116 15 20 22 108
56 59 60 50 109 64 67 57 58 49 54 53 55 66 52 34 65 51 69 108 39 4 68 116 5 105 13 1 85 15
57 50 58 109 54 60 53 52 64 56 59 34 51 67 65 49 108 66 55 69 63 1 85 22 10 96 124 13 116 5
58 52 50 57 60 53 54 67 51 59 56 64 34 108 65 66 109 10 101 1 63 69 96 85 124 49 116 70 4 93
59 56 109 60 50 53 55 67 49 64 58 66 57 65 34 54 52 69 108 4 68 116 101 51 105 39 1 5 124 13
60 53 59 58 56 50 57 54 109 52 65 34 64 67 55 66 49 108 51 69 116 4 5 22 85 105 13 68 101 25
61 31 28 26 126 113 8 78 80 103 79 38 86 17 81 32 82 77 0 107 62 15 87 75 3 19 119 98 110 40
62 3 77 104 8 75 78 79 107 0 80 32 72 81 26 19 29 82 61 113 89 15 110 126 103 93 121 17 71 92
63 96 100 10 91 52 1 120 108 88 118 125 121 115 50 122 16 47 51 124 123 58 117 53 102 101 57 70 54 67
64 67 65 56 59 69 57 34 109 58 54 53 50 66 60 101 55 108 52 49 68 85 39 51 4 116 124 1 5 22
65 34 67 64 53 69 66 60 59 58 50 57 68 51 52 101 54 108 56 109 116 85 1 55 4 124 5 39 105 125
66 67 65 64 85 59 50 53 69 68 56 54 58 108 37 109 60 116 22 57 1 52 34 51 25 101 124 4 105 55
67 66 69 64 65 59 58 50 56 53 34 54 109 108 68 57 60 52 116 51 101 85 1 46 25 22 55 4 39 70
68 66 67 65 27 85 34 64 36 59 101 46 69 42 50 109 22 108 56 60 124 116 58 30 1 55 53 57 39 54
69 67 64 65 66 59 34 53 109 116 39 50 4 101 56 68 58 60 54 55 105 37 108 22 1 57 5 85 52 124
70 16 74 120 122 51 67 58 118 52 14 125 100 10 11 1 66 63 123 50 88 85 96 91 115 47 97 53 108 116
71 83 120 6 123 18 76 7 95 102 98 117 16 106 4 53 119 100 14 93 118 105 73 97 88 121 48 84 122 63
72 75 62 12 77 32 29 15 82 91 9 79 80 104 25 122 0 58 81 103 92 52 121 63 19 113 96 8 50 31
73 6 55 95 18 7 83 76 84 20 98 99 33 119 59 4 97 37 49 88 102 71 109 100 106 42 1 68 25 69
74 70 116 88 97 27 118 85 53 56 60 66 51 123 50 67 52 120 46 14 68 124 92 108 59 9 16 33 58 125
75 62 72 80 77 79 29 32 78 126 61 113 81 107 103 89 87 3 26 82 8 19 121 31 0 38 104 23 28 17
76 18 7 95 119 6 83 88 71 102 97 106 84 118 73 115 16 48 123 14 122 91 37 121 98 20 117 120 100 15
77 80 82 79 81 113 62 78 104 26 0 8 75 126 29 9 61 28 38 72 32 103 17 31 3 110 12 121 107 119
78 79 107 26 3 8 103 0 82 81 113 61 77 80 62 110 32 17 31 126 87 104 89 19 75 28 29 9 105 98
79 81 82 0 107 78 26 80 3 8 77 87 113 61 104 103 32 62 110 17 126 89 28 19 31 75 29 72 15 71
80 77 79 82 81 8 0 26 61 113 78 104 32 29 62 103 75 126 9 107 28 3 19 87 31 17 89 121 12 72
81 82 79 26 80 77 104 0 78 107 8 3 126 89 87 113 29 110 103 62 61 32 19 17 75 121 9 12 72 28
82 81 79 77 80 0 104 26 78 8 103 29 113 3 107 89 87 9 19 61 17 32 110 12 62 28 126 72 121 38
83 123 88 16 6 71 120 102 18 76 95 118 7 117 122 73 105 4 84 47 63 119 100 98 115 125 106 97 37 14
84 18 6 97 95 102 36 76 14 122 11 7 73 42 83 48 100 69 37 120 68 119 118 117 99 22 71 67 33 30
85 66 67 68 22 37 64 116 65 27 1 108 25 124 58 50 52 60 53 51 54 69 57 36 109 101 33 34 56 59
86 38 44 41 43 21 24 45 5 40 31 28 17 90 94 27 61 36 37 15 46 26 85 109 69 22 65 54 111 64
87 107 79 81 0 26 82 3 78 80 103 8 113 61 89 17 126 75 104 29 110 71 32 77 62 2 12 19 13 92
88 118 16 83 63 47 123 115 102 122 100 121 76 10 125 96 120 91 1 108 95 52 50 117 51 124 53 70 66 85
89 8 81 107 3 104 82 79 0 113 26 103 17 78 19 29 106 32 87 62 110 80 71 75 126 98 6 20 61 18
90 43 94 45 24 21 44 27 111 40 41 46 36 5 38 86 30 42 65 85 67 64 66 68 69 39 34 33 51 37
91 63 96 10 121 115 16 52 100 50 120 47 118 123 88 1 125 12 122 58 108 51 124 93 92 53 14 57 54 70
92 108 1 52 105 93 2 50 96 12 4 53 124 116 101 58 114 115 91 63 59 66 57 20 51 0 67 54 118 100
93 12 105 52 4 92 58 53 108 50 120 23 1 14 10 91 116 51 20 16 63 100 9 99 96 123 57 64 115 60
94 90 43 45 21 44 24 111 40 41 27 86 38 36 5 42 46 30 85 6 7 37 106 48 35 33 66 97 119 76
95 6 18 76 7 102 83 84 115 73 117 71 119 88 118 98 99 63 120 122 33 16 106 100 42 11 30 37 25 97
96 63 91 100 52 108 1 10 115 118 50 124 101 58 121 88 122 51 92 47 53 120 125 57 16 67 59 66 99 64
97 84 14 6 18 76 102 117 7 118 37 30 74 88 70 95 73 42 106 67 100 71 120 36 122 116 48 16 123 83
98 95 71 6 73 83 120 18 117 102 99 76 84 115 7 106 20 4 123 118 53 97 121 63 119 105 122 100 116 108
99 108 60 1 95 115 100 96 57 93 63 109 73 59 58 22 117 37 64 25 11 84 50 124 105 98 12 121 65 53
100 63 96 122 120 1 91 108 10 52 16 118 88 125 121 14 115 124 51 123 50 58 101 70 102 47 53 99 18 57
101 108 124 64 52 1 67 65 116 50 96 58 53 68 69 66 59 4 63 51 34 100 92 118 54 85 60 39 109 56
102 6 16 88 83 118 95 120 7 18 84 63 76 121 71 117 123 100 47 122 97 14 119 11 4 125 108 116 101 115
103 107 8 113 78 104 17 61 79 3 26 82 126 110 81 80 0 28 31 19 29 32 89 87 77 98 75 49 93 62
104 8 81 82 0 29 3 103 79 62 80 77 26 19 107 89 93 2 17 12 78 32 113 35 92 105 121 110 20 76
105 4 93 116 53 92 20 52 69 108 60 59 66 1 12 64 50 67 56 65 22 58 37 83 109 25 114 57 55 34
106 6 7 119 18 76 71 95 97 73 117 83 84 98 20 24 5 99 41 105 89 43 45 48 4 60 22 74 40 114
107 3 79 0 103 110 78 87 8 81 17 104 113 89 62 82 19 80 26 32 92 61 75 126 2 93 77 29 12 71
108 1 50 52 101 58 67 63 92 96 53 66 124 64 59 116 60 57 65 118 54 100 122 34 4 51 109 85 56 125
109 59 57 49 56 55 50 64 60 53 67 54 58 5 66 34 52 65 69 108 51 68 13 39 116 22 85 15 4 101
110 107 17 3 103 78 81 79 26 0 82 8 86 104 77 35 89 113 62 80 32 87 61 5 126 19 41 2 21 74
111 90 43 45 94 40 27 24 46 42 44 21 41 30 36 33 85 11 38 86 7 122 5 67 64 99 114 65 97 68
112 114 19 2 111 120 42 0 123 71 105 39 33 117 1 125 107 121 11 100 104 4 83 90 46 81 92 30 34 124
113 61 8 79 26 28 103 77 78 80 126 31 107 82 81 17 89 32 104 0 3 62 87 75 9 110 119 71 72 106
114 108 92 4 105 101 53 59 65 1 34 68 116 20 67 66 39 56 64 124 49 55 109 51 58 85 50 60 52 42
115 91 63 88 96 118 16 124 10 123 47 95 108 1 50 100 120 121 122 125 52 92 99 53 76 66 101 51 93 70
116 67 108 66 4 53 101 105 65 52 69 85 1 59 60 64 25 50 58 51 109 56 22 39 92 54 68 57 12 74
117 120 118 63 122 16 123 83 95 102 125 88 71 6 121 47 97 18 108 1 100 93 96 105 115 7 52 98 99 106
118 88 122 63 120 16 115 125 117 96 108 102 100 123 1 83 10 91 52 47 70 95 101 50 124 51 121 76 97 53
119 76 6 18 95 106 7 102 5 71 83 73 88 48 84 47 117 15 22 28 109 121 17 37 31 14 53 97 98 69
120 123 16 63 100 118 117 122 71 83 125 70 102 91 88 115 14 47 96 121 93 52 1 108 10 4 95 101 18 51
121 91 63 47 10 16 51 88 52 100 123 96 115 125 102 120 118 53 50 117 122 12 58 1 57 71 124 93 108 76
122 100 118 125 63 120 88 108 16 1 117 18 70 96 123 115 11 91 14 102 83 52 10 124 51 84 58 95 47 85
123 16 120 83 47 88 71 115 118 125 63 121 91 117 122 100 102 70 52 10 53 76 93 51 108 92 12 18 96 1
124 1 101 108 96 115 50 52 63 66 85 64 58 100 67 92 69 59 51 65 68 88 10 57 91 54 118 122 56 53
125 63 122 118 16 120 47 123 100 108 52 88 1 115 91 10 121 58 96 70 51 117 50 65 11 53 124 57 102 101
126 61 31 26 28 113 81 103 38 80 79 77 78 8 41 75 82 86 17 107 87 89 48 104 62 49 98 44 110 40
