0 112 3 107 62 113 2 108 82 8 19 12 61 104 80 126 101 25 22 114 72 79 37 116 77 75 103 31 94 85
1 24 122 27 81 87 70 117 78 92 16 119 93 76 19 98 95 102 118 18 47 74 97 84 91 96 73 125 99 7
2 3 0 112 93 107 92 19 113 108 8 90 72 9 62 5 82 25 85 39 68 116 31 79 101 75 77 12 22 126
3 107 0 112 62 2 113 108 8 82 80 104 61 72 12 103 101 114 25 22 126 94 116 19 75 77 79 31 39 37
4 8 26 28 32 23 29 104 20 35 37 105 61 77 126 31 80 69 25 124 75 79 13 22 103 12 65 62 66 67
5 50 60 37 94 38 51 59 31 116 45 68 40 30 111 64 105 54 23 85 25 13 53 42 41 17 15 69 28 21
6 109 121 86 56 14 30 88 48 49 17 52 100 57 10 58 15 13 45 33 44 46 41 23 83 36 59 38 32 29
7 99 71 102 97 73 11 119 96 63 91 125 123 106 84 98 118 117 83 76 18 74 115 10 95 43 120 49 51 59
8 104 4 77 61 12 80 75 28 82 37 62 23 79 32 103 29 9 72 22 20 113 31 108 25 26 126 35 107 34
9 75 103 72 12 79 8 77 105 80 82 20 37 61 4 22 89 62 35 31 29 104 32 28 116 23 25 111 68 36
10 96 83 109 123 84 88 71 6 120 76 95 7 33 99 106 125 121 63 91 73 86 97 48 56 117 118 11 14 102
11 71 63 7 99 125 118 91 106 96 102 97 73 74 84 119 115 123 83 18 76 117 98 43 95 51 10 58 60 120
12 80 82 75 72 103 8 62 77 89 79 9 104 61 22 31 28 23 37 113 4 29 20 32 108 35 25 105 107 26
13 15 86 17 52 57 37 32 26 23 48 56 121 54 38 28 100 20 58 30 46 116 53 88 110 29 41 44 59 22
14 121 109 6 100 48 57 86 17 13 15 52 45 58 44 30 56 88 46 83 33 49 28 41 23 10 59 53 32 26
15 13 86 28 17 30 56 37 58 48 26 54 52 85 23 53 32 6 38 14 57 100 59 121 46 88 41 20 116 40
16 47 18 122 117 24 27 70 95 119 84 90 64 1 115 88 36 49 42 91 6 126 76 100 65 58 123 46 54 66
17 86 13 23 100 48 30 32 15 121 56 20 37 6 26 28 110 45 116 46 61 14 25 88 85 52 109 54 35 57
18 119 117 63 123 84 102 7 125 91 118 97 76 74 71 11 99 73 95 98 115 96 106 83 51 120 10 59 46 49
19 0 92 93 2 3 87 107 27 112 90 1 89 108 72 78 70 62 114 103 39 82 113 24 101 12 9 116 42 120
20 35 26 32 23 105 29 86 28 17 4 13 104 110 37 79 61 77 103 8 80 75 25 62 15 89 82 12 31 9
21 111 60 53 54 41 42 51 68 50 55 59 64 69 38 31 94 37 22 105 36 49 30 40 28 5 29 57 126 13
22 37 25 31 67 61 28 108 116 69 65 113 34 66 114 94 68 126 75 54 8 13 12 101 39 4 50 40 104 79
23 32 29 26 28 20 35 37 17 61 4 86 8 13 104 31 105 15 25 110 124 52 48 30 12 103 121 57 45 77
24 122 27 1 70 16 47 87 95 81 76 90 18 117 78 123 119 19 120 92 96 102 93 84 98 43 74 125 91 118
25 37 31 22 61 116 108 94 69 34 66 28 67 101 40 68 39 64 113 75 23 126 65 112 17 4 8 85 104 29
26 32 35 20 23 29 4 28 13 86 17 15 104 61 37 110 105 8 103 25 121 77 100 62 80 48 124 75 31 22
27 24 70 122 1 47 16 87 120 90 95 19 93 123 91 84 48 18 76 96 92 100 102 74 117 10 42 119 83 78
28 37 23 61 124 15 4 29 26 32 8 20 116 86 103 22 25 31 13 104 17 33 67 30 126 75 35 12 113 44
29 23 26 32 28 20 35 4 105 31 104 37 8 77 13 86 61 75 25 30 103 17 15 33 12 57 66 22 111 54
30 86 6 17 41 46 15 33 121 56 45 13 44 54 48 28 88 37 52 100 38 23 49 50 29 116 60 57 40 5
31 37 25 22 116 61 29 28 108 34 69 113 23 68 4 126 94 124 8 12 66 39 67 105 104 40 5 111 13 64
32 26 23 35 20 86 29 28 4 17 104 13 110 37 61 8 77 103 121 48 15 124 100 105 62 52 25 79 80 31
33 46 44 109 30 37 86 28 45 66 13 88 49 124 61 6 40 10 52 41 67 29 121 94 58 22 15 56 59 104
34 67 25 37 61 66 22 31 69 68 108 64 101 65 39 126 94 113 116 28 8 40 124 79 105 4 104 111 21 44
35 32 20 26 23 29 4 103 86 110 105 89 104 80 77 13 28 62 17 61 37 79 8 82 72 75 12 31 15 48
36 86 109 49 42 58 111 88 45 6 33 105 50 21 41 83 84 115 95 43 55 121 110 44 100 59 17 13 57 56
37 28 61 31 25 22 116 23 104 8 13 86 34 17 4 94 124 32 29 33 40 126 38 15 69 67 113 20 5 101
38 13 50 55 37 40 60 51 54 5 64 15 46 30 59 58 57 85 111 22 69 94 56 17 25 21 33 45 86 41
39 126 65 69 25 67 31 101 108 94 66 22 34 68 116 75 61 85 64 37 113 111 4 40 8 28 114 53 124 103
40 94 37 25 46 38 85 50 66 67 101 33 31 64 13 45 15 22 54 59 116 44 5 126 60 30 68 53 51 34
41 30 21 13 45 46 44 86 42 15 49 33 17 59 54 6 60 121 28 32 100 116 50 53 88 56 55 66 38 40
42 111 21 41 60 50 86 36 54 51 59 45 55 43 30 5 100 105 17 53 110 20 13 115 38 49 116 31 48 23
43 76 7 11 86 71 73 96 125 100 42 106 91 97 99 83 98 111 54 30 74 50 119 36 105 55 51 35 123 56
44 33 109 46 30 52 49 86 13 100 61 37 41 28 45 54 6 17 57 58 59 116 88 40 14 15 48 22 32 124
45 86 30 46 121 17 48 41 56 33 37 100 13 6 44 50 88 40 28 14 15 110 23 5 116 61 32 57 58 55
46 33 30 44 45 86 13 40 52 17 56 41 37 49 38 109 57 15 88 28 121 6 59 100 25 94 124 23 66 116
47 16 27 70 24 100 88 18 95 122 48 7 121 14 83 6 49 117 119 109 73 36 10 51 123 57 53 84 76 56
48 100 86 121 88 17 6 13 14 45 15 110 30 32 23 109 56 52 26 28 33 44 46 83 37 20 35 10 41 57
49 57 59 52 6 58 44 56 53 109 60 86 13 54 46 33 30 51 41 17 37 36 83 50 88 55 38 100 14 45
50 60 54 51 55 59 53 38 5 115 68 57 21 94 111 40 69 30 13 64 56 45 22 42 49 58 25 37 15 41
51 50 60 55 54 59 53 38 111 21 5 115 57 49 68 64 42 106 94 37 40 58 29 69 25 63 98 30 71 11
52 56 13 88 49 57 86 6 44 100 109 15 46 58 59 23 30 37 121 17 33 32 48 14 28 54 20 29 116 41
53 60 54 50 59 51 57 21 13 49 68 15 111 64 69 55 37 94 25 67 65 45 41 40 22 30 29 5 31 86
54 60 50 59 55 51 53 13 57 30 21 38 15 22 58 115 64 49 111 68 86 17 94 44 40 37 25 41 52 56
55 50 54 51 60 38 59 115 111 53 21 58 57 45 49 30 41 42 56 13 64 94 40 69 86 68 5 36 43 106
56 86 6 52 58 13 17 88 15 30 57 121 49 45 100 46 48 83 50 59 60 109 54 33 23 32 38 14 110 20
57 49 13 53 52 59 56 14 54 109 86 50 6 60 15 58 88 46 51 37 17 55 44 38 23 30 121 45 29 100
58 56 86 13 49 109 15 52 6 54 57 55 59 17 44 38 37 33 115 36 14 45 50 106 121 32 85 51 100 83
59 60 54 50 49 51 53 57 55 13 86 52 37 5 15 94 111 58 21 115 38 56 64 44 69 41 40 46 22 33
60 50 54 53 59 51 21 55 68 38 64 115 5 69 57 49 111 13 94 42 56 30 40 41 65 15 37 22 52 25
61 37 28 8 25 23 108 126 116 113 67 22 104 31 66 34 79 101 4 32 103 124 69 65 80 20 85 26 62 29
62 82 80 107 12 8 103 104 72 112 89 113 61 32 35 75 20 3 37 108 4 77 28 26 79 13 0 23 22 25
63 11 125 123 71 118 74 18 7 73 99 96 97 91 106 102 117 119 98 84 115 76 83 120 95 10 51 58 109 43
64 68 69 66 67 65 60 25 94 34 53 126 38 54 40 31 37 50 21 108 59 111 51 101 22 85 5 4 23 39
65 67 69 66 126 22 64 39 61 68 25 94 101 34 37 31 28 4 108 53 116 60 113 85 59 50 124 29 105 40
66 67 65 69 126 64 61 25 101 68 34 113 22 37 33 31 94 40 39 28 85 108 4 116 29 124 46 23 41 53
67 65 66 69 101 126 22 61 34 64 25 68 37 108 28 39 31 40 113 94 33 85 116 53 4 114 124 29 46 8
68 64 69 60 66 50 67 25 65 34 22 31 21 53 105 111 94 54 39 51 5 108 37 115 59 106 116 126 40 101
69 65 66 67 64 68 126 25 22 34 31 37 39 61 94 60 4 53 50 108 116 28 59 111 13 113 101 21 38 54
70 27 122 24 47 48 16 100 1 95 88 120 45 121 87 6 15 14 90 86 46 19 96 36 109 85 83 17 76 43
71 7 11 63 99 83 96 91 118 125 102 106 84 97 73 123 119 76 18 74 98 10 115 117 95 120 43 58 51 49
72 80 82 12 75 89 103 62 9 77 8 79 104 35 20 32 61 107 37 113 28 29 4 26 110 23 31 105 112 3
73 7 99 63 117 119 123 97 11 71 102 96 98 91 118 106 125 18 76 74 83 84 115 43 120 10 95 59 49 109
74 118 63 125 97 99 91 102 11 123 98 7 96 119 106 18 71 84 117 115 73 76 83 120 95 43 55 60 51 59
75 9 12 79 103 82 80 72 77 8 89 105 25 104 22 61 37 28 20 29 4 62 31 35 39 32 23 116 26 111
76 96 95 84 119 117 123 7 125 120 91 71 18 99 83 11 63 10 73 118 106 74 97 102 43 98 100 109 36 115
77 8 104 75 80 12 4 82 32 103 29 72 9 79 89 105 20 37 35 61 26 86 62 23 25 28 111 31 124 33
78 81 90 80 82 72 12 1 89 92 34 75 64 19 9 98 77 2 79 69 68 74 119 24 18 25 76 91 102 108
79 75 80 8 61 12 9 77 103 82 20 104 4 31 35 37 32 22 72 23 25 62 28 105 111 89 26 69 116 34
80 82 12 72 62 75 89 8 77 103 79 104 61 4 35 20 9 113 32 28 22 26 31 37 25 108 23 105 126 112
81 78 1 72 89 92 120 82 9 76 119 80 12 74 91 24 75 102 18 98 11 125 63 117 96 84 97 118 73 95
82 80 12 72 62 75 89 103 8 104 77 79 61 112 31 107 35 20 22 9 113 108 4 25 32 28 26 37 29 23
83 71 96 91 84 7 10 125 11 99 120 118 123 76 106 63 95 97 100 109 56 121 73 86 102 115 117 18 49 98
84 96 117 76 119 91 7 95 125 18 71 102 83 99 118 97 63 11 123 120 10 74 106 115 98 73 36 109 100 6
85 101 116 15 40 61 94 37 126 17 25 66 67 13 38 22 124 39 28 113 64 65 58 5 45 114 30 33 31 69
86 48 17 121 100 13 32 88 6 30 15 56 110 23 20 37 109 45 28 58 52 46 26 33 57 14 35 44 29 59
87 93 1 19 27 24 122 92 89 107 81 70 35 0 62 3 16 105 95 103 26 76 32 82 110 72 79 2 43 120
88 48 86 6 109 52 121 56 100 13 10 30 33 17 57 15 46 45 44 32 49 41 23 36 14 83 20 58 28 37
89 82 80 103 72 12 75 62 77 35 104 20 8 79 9 32 26 105 29 4 23 107 86 61 28 110 43 111 31 48
90 114 78 27 16 94 108 2 19 113 101 0 24 39 3 9 47 85 70 33 92 44 109 49 116 8 45 34 40 22
91 118 102 96 84 7 99 71 123 11 119 74 63 83 125 117 18 73 76 97 115 98 106 120 95 10 43 109 56 45
92 19 2 107 3 81 72 0 112 78 1 93 89 87 62 82 12 108 103 90 74 70 120 80 117 118 113 24 55 77
93 19 2 87 0 112 92 113 1 107 27 3 89 75 5 62 101 60 111 39 22 103 126 31 108 116 78 90 42 9
94 101 25 37 40 111 116 22 69 85 64 5 31 50 65 66 68 59 108 39 53 60 114 54 67 113 34 61 124 33
95 76 96 84 120 123 119 117 83 18 10 125 71 7 97 11 91 63 73 99 74 118 36 109 100 102 121 43 106 6
96 76 84 91 123 7 125 99 71 63 95 83 11 118 120 97 119 98 73 117 10 74 102 106 18 43 109 115 36 100
97 125 99 7 102 74 118 63 98 119 71 73 11 96 123 117 84 18 106 91 83 76 115 120 95 10 43 51 109 49
98 119 102 118 97 7 123 117 99 96 63 73 125 74 91 71 11 106 18 115 84 76 83 43 51 60 59 120 95 55
99 7 97 102 11 73 71 118 119 96 91 63 117 125 106 74 84 98 123 115 83 76 18 10 95 43 120 49 51 60
100 48 121 86 17 14 13 6 88 52 109 44 56 45 83 32 30 15 110 26 46 23 41 57 43 58 49 42 20 35
101 108 67 113 94 124 126 61 66 25 116 85 37 34 65 39 40 22 28 31 69 64 104 68 33 111 112 46 105 114
102 119 7 91 99 97 98 118 117 11 74 71 84 125 115 63 18 106 123 73 96 76 83 51 10 60 120 95 43 59
103 12 75 89 80 72 82 62 28 35 9 104 8 61 77 79 105 32 20 26 29 23 37 4 116 31 86 22 113 13
104 8 77 37 32 61 23 4 29 62 82 20 28 103 80 12 26 124 75 35 113 105 31 25 79 86 22 89 72 101
105 20 29 4 111 75 77 35 103 23 68 9 61 37 104 31 32 28 26 22 25 86 12 79 13 94 5 8 80 106
106 99 7 11 125 63 71 102 118 97 73 74 96 115 91 83 117 98 119 123 76 18 84 51 58 10 68 59 50 43
107 3 62 112 0 82 8 104 103 113 61 80 12 108 72 114 77 89 4 75 25 22 31 101 37 29 126 32 2 13
108 113 101 61 25 22 31 67 34 126 8 112 39 94 116 69 64 28 124 66 37 62 65 68 104 12 82 80 114 3
109 6 14 44 88 33 86 58 10 57 100 52 49 121 13 48 83 46 17 36 56 30 28 29 123 15 45 96 37 32
110 86 32 17 13 35 20 48 23 26 121 28 100 45 37 15 56 116 103 42 6 29 36 30 38 5 41 62 58 46
111 21 42 105 94 51 55 53 50 68 37 60 54 31 59 25 64 69 38 36 29 124 5 104 23 77 75 4 79 28
112 0 107 3 113 62 25 108 82 61 104 114 22 8 37 80 101 31 116 12 126 94 85 2 34 39 17 66 72 103
113 108 101 126 61 112 116 22 66 31 37 25 62 8 104 124 28 67 94 12 34 80 69 114 82 65 85 4 0 3
114 22 94 116 25 113 112 37 67 61 85 40 31 108 33 15 13 101 28 46 126 39 66 41 65 44 107 54 62 8
115 102 11 50 99 91 117 106 63 60 55 7 118 71 125 54 74 18 51 119 97 84 59 98 83 73 58 68 123 57
116 37 25 31 61 113 28 22 13 101 94 17 85 124 108 69 86 114 103 15 30 34 40 44 5 45 126 39 67 65
117 119 84 18 99 102 73 98 7 76 63 118 91 96 97 123 125 115 95 11 106 74 71 83 120 10 43 36 6 109
118 91 74 63 125 99 11 102 97 71 98 96 7 123 106 117 119 84 18 73 83 115 76 120 95 51 10 49 60 43
119 102 117 7 84 98 18 99 91 123 97 73 76 96 118 63 71 11 74 125 95 106 115 120 83 43 10 36 51 59
120 96 95 123 76 84 83 91 10 125 71 97 63 73 7 119 118 74 117 99 102 18 11 98 109 106 14 100 6 43
121 48 100 86 14 6 88 17 13 30 56 45 109 32 52 15 83 26 23 110 46 33 57 41 58 10 28 20 103 37
122 24 27 1 70 16 47 95 87 76 100 42 117 98 119 18 48 123 102 84 43 96 81 74 118 91 93 120 36 125
123 96 63 125 91 7 18 119 73 118 98 76 102 71 97 74 99 95 120 84 117 11 83 10 106 115 109 49 6 43
124 28 101 37 61 116 104 31 23 32 113 4 33 25 108 94 46 85 26 66 111 67 126 8 44 34 45 29 86 105
125 97 63 118 96 74 123 11 7 99 71 106 84 102 91 76 18 98 117 83 119 73 115 95 120 10 43 109 51 57
126 67 66 61 113 69 65 101 39 37 4 22 108 31 28 25 64 85 34 8 116 40 104 68 94 124 38 23 80 62
