0 93 8 92 3 87 62 104 114 108 116 39 5 113 4 112 78 19 103 61 9 107 37 22 28 15 126 85 80 77
1 116 114 113 34 61 104 4 5 126 31 112 103 108 101 37 41 39 92 94 66 44 68 124 111 6 65 25 69 36
2 3 107 121 106 112 79 36 91 124 83 0 89 10 125 11 16 12 7 9 44 99 90 110 97 96 1 123 75 41
3 0 2 107 87 89 112 62 1 92 19 121 91 124 106 96 122 11 100 10 114 47 97 83 73 125 16 103 113 118
4 104 116 61 5 113 114 103 108 8 22 126 25 105 85 67 40 31 9 92 26 39 12 65 1 75 68 23 37 94
5 116 113 114 104 4 61 22 39 103 40 13 25 101 38 126 17 8 85 108 59 86 66 58 30 57 31 68 94 56
6 70 14 47 7 102 76 120 100 125 73 74 11 16 99 96 118 33 123 83 106 91 27 10 122 48 57 51 119 71
7 76 6 125 70 102 14 99 83 47 33 91 100 120 27 74 117 118 73 48 119 57 88 16 109 50 18 71 11 96
8 22 104 108 72 103 92 9 37 28 29 81 78 4 25 105 80 61 126 26 82 12 85 17 93 31 5 23 45 87
9 75 72 82 12 108 105 81 80 37 8 77 22 85 99 17 71 25 26 119 29 48 103 28 78 60 102 40 117 126
10 121 96 106 122 97 74 123 16 11 91 73 100 83 120 47 84 41 6 118 109 125 102 124 88 99 76 115 63 98
11 16 106 121 91 10 96 122 74 73 97 100 123 125 6 83 120 14 70 118 47 7 76 102 41 99 88 109 84 124
12 9 119 115 45 117 75 26 18 48 105 23 82 72 81 29 109 99 60 86 102 108 110 37 8 80 33 56 43 71
13 38 53 86 17 58 56 60 49 46 59 119 50 117 18 95 98 45 52 63 48 25 26 115 51 54 40 55 105 39
14 70 6 125 7 102 48 57 100 99 47 76 74 118 11 16 71 119 109 117 115 91 83 51 50 123 85 9 33 18
15 59 49 38 53 54 17 58 52 55 60 66 86 64 56 31 20 22 93 68 65 35 50 13 39 51 69 62 21 98
16 11 106 121 122 10 91 96 97 123 74 73 100 83 125 6 120 14 70 47 84 7 118 99 109 76 115 41 98 95
17 52 60 55 49 86 53 59 13 56 50 18 58 38 15 119 45 109 48 54 117 57 51 22 105 40 115 98 46 9
18 117 109 115 48 98 63 119 95 71 60 88 86 45 43 49 38 55 46 53 58 99 54 56 21 52 90 17 51 118
19 62 117 13 109 17 85 87 55 18 88 99 93 40 71 49 92 98 115 90 119 38 77 118 28 9 108 111 84 75
20 35 32 86 55 26 29 23 15 49 59 93 38 80 105 17 53 62 88 87 81 56 95 40 78 28 60 50 18 58
21 46 45 24 43 86 42 40 90 27 18 117 60 49 115 119 111 52 63 98 95 29 38 53 33 48 109 30 65 58
22 37 25 31 28 39 66 8 68 65 85 69 86 67 126 72 54 29 105 26 53 64 59 81 75 17 38 58 60 9
23 32 29 35 26 105 25 65 66 60 67 12 37 45 53 28 68 22 38 58 48 81 86 31 69 20 52 21 64 56
24 46 30 45 21 111 42 63 43 27 86 98 90 18 48 115 117 95 109 33 119 94 34 38 13 40 101 53 88 52
25 31 28 22 66 37 69 65 29 26 68 105 67 23 32 111 38 64 39 45 60 61 13 53 46 35 21 8 54 17
26 29 35 32 23 25 28 105 45 38 22 81 54 12 37 82 58 46 95 13 64 63 98 18 31 60 48 21 55 115
27 33 42 45 30 46 21 24 90 111 43 86 119 37 115 40 18 28 63 117 99 29 95 48 60 102 53 7 105 54
28 37 25 22 26 35 105 32 29 31 101 82 27 42 8 66 111 60 23 72 30 13 46 38 45 39 21 53 86 54
29 26 32 23 35 25 37 45 21 105 28 22 31 66 72 58 111 82 86 12 8 46 27 54 65 55 18 20 69 38
30 42 46 24 45 101 27 86 43 63 40 90 98 21 33 18 95 119 117 94 38 115 48 51 34 111 28 56 13 37
31 25 37 66 22 65 69 105 67 68 64 28 29 34 39 26 85 32 45 38 53 77 59 23 15 13 111 60 54 46
32 35 29 23 26 25 28 20 37 38 66 105 21 78 31 60 22 82 63 86 65 58 45 69 64 53 56 101 46 59
33 27 43 45 99 117 115 119 102 90 21 18 48 109 46 30 40 7 6 86 42 24 76 47 34 70 95 111 98 63
34 45 94 31 37 43 90 30 101 24 33 111 40 119 66 27 86 28 21 108 22 69 115 68 25 39 65 42 105 1
35 32 26 29 23 20 28 37 105 64 25 66 38 22 53 13 59 86 46 58 69 60 54 95 63 31 65 56 15 68
36 41 44 124 111 106 10 121 63 89 95 84 97 24 91 79 11 16 98 21 94 90 96 122 43 73 30 18 101 40
37 28 31 22 25 105 29 66 85 60 38 27 65 32 9 34 42 35 72 26 21 58 48 119 8 68 69 23 86 53
38 86 59 53 56 13 60 18 49 58 98 54 48 95 119 117 115 55 51 63 109 15 52 45 21 64 17 46 37 50
39 66 68 65 64 69 22 67 101 25 31 13 86 38 85 5 28 59 103 126 37 53 104 34 15 51 54 49 116 58
40 90 85 21 45 94 46 86 30 99 43 33 51 111 27 55 17 13 117 42 18 60 119 101 38 48 108 37 24 71
41 44 36 124 10 106 111 63 121 95 97 84 16 122 96 73 11 91 98 123 120 74 90 24 27 30 21 94 18 43
42 30 45 27 46 21 24 58 63 119 18 115 86 98 90 48 117 95 37 101 43 109 51 56 28 33 40 53 38 60
43 33 18 45 48 115 109 117 98 63 21 46 119 30 86 90 24 95 88 27 40 42 111 34 84 71 38 58 56 94
44 41 36 124 111 63 84 95 90 10 106 24 121 98 94 21 30 97 43 40 46 101 91 27 11 122 18 16 1 109
45 46 117 115 21 119 48 86 18 30 24 43 109 42 33 90 95 111 27 63 98 53 40 52 34 60 29 54 56 38
46 21 45 30 24 63 42 117 86 18 43 98 90 27 60 48 119 115 95 53 111 52 40 109 13 38 33 71 105 58
47 102 6 96 120 100 76 73 99 74 118 123 71 14 7 115 91 70 83 18 10 33 122 48 117 109 27 16 119 11
48 109 115 117 119 18 98 95 71 45 63 86 51 43 60 88 56 53 58 99 57 38 52 54 46 102 84 49 118 55
49 55 53 60 50 51 52 18 59 117 38 17 119 56 109 54 98 95 15 21 48 86 115 13 58 88 45 63 105 46
50 52 60 49 55 57 59 56 17 53 58 13 119 51 54 117 38 86 18 105 45 48 109 99 65 21 98 70 37 26
51 55 48 49 60 86 57 54 53 52 58 119 38 115 85 59 18 98 56 117 95 71 99 50 109 40 17 46 63 42
52 60 56 50 17 86 49 59 58 119 53 117 57 48 51 54 55 18 115 21 45 46 109 38 98 13 15 71 95 90
53 59 49 60 38 95 54 13 86 119 55 117 18 48 52 98 58 51 63 45 115 17 56 46 109 50 15 21 22 105
54 58 60 115 53 86 55 59 51 38 71 95 119 18 48 98 117 52 49 57 56 63 45 15 109 50 22 17 21 46
55 49 60 51 50 54 53 18 17 117 98 59 52 38 58 56 119 86 115 109 48 71 95 85 57 99 63 40 15 46
56 52 58 38 119 60 48 115 117 49 59 109 50 18 86 53 17 55 54 13 51 98 45 95 57 85 46 42 21 63
57 51 50 60 52 48 54 58 86 14 59 119 55 56 85 70 17 71 117 125 53 18 115 49 109 99 38 98 27 95
58 54 56 86 95 59 98 60 52 38 48 18 63 53 115 51 119 42 55 117 13 17 57 49 109 50 45 15 21 46
59 53 38 86 60 15 58 52 49 54 50 56 55 17 95 51 98 13 18 57 66 64 22 119 117 48 68 63 65 109
60 52 18 55 53 54 50 49 59 86 119 117 38 58 115 51 56 48 71 17 57 98 46 21 109 45 95 13 85 63
61 116 113 104 114 4 5 103 25 108 126 8 31 22 1 40 92 34 105 37 9 29 39 85 80 26 72 66 68 12
62 87 93 88 80 17 56 49 55 38 15 20 81 109 18 117 22 13 48 28 59 9 77 37 82 103 60 25 50 19
63 95 98 18 115 109 48 117 86 46 43 45 58 53 84 119 24 42 38 30 21 54 71 111 60 88 49 13 55 51
64 66 68 65 67 69 39 101 38 31 25 22 59 26 35 86 15 58 85 13 54 37 23 32 29 53 28 21 60 24
65 66 69 68 67 64 39 31 25 22 21 37 23 101 59 29 53 105 49 42 50 38 60 32 26 86 54 13 58 85
66 65 64 69 68 67 39 31 25 22 101 37 59 29 23 38 21 15 32 53 28 105 35 86 126 13 26 58 54 42
67 65 66 64 68 69 31 25 39 22 23 101 85 21 53 46 105 45 13 29 50 38 17 37 111 32 24 26 60 55
68 69 65 66 64 67 39 25 31 22 101 54 37 126 59 38 85 53 23 60 86 49 55 26 56 29 50 28 58 51
69 65 68 66 67 64 39 25 31 22 101 126 37 21 59 38 29 86 54 58 23 32 13 53 26 35 85 42 49 34
70 14 6 125 7 102 76 99 100 83 118 48 71 57 119 47 74 73 117 51 85 50 11 33 16 120 115 109 18 75
71 18 117 115 48 119 109 60 54 98 99 118 102 88 51 55 63 84 47 95 46 70 86 90 57 53 58 38 52 85
72 81 82 77 9 80 78 8 22 29 37 12 75 28 26 25 108 32 31 105 35 126 23 85 27 45 103 71 17 54
73 96 74 100 10 91 11 120 123 16 121 122 106 83 47 97 6 102 76 118 70 99 125 7 14 88 109 18 115 48
74 96 123 10 73 100 121 91 11 16 122 106 97 120 83 47 6 102 76 14 118 70 109 99 125 88 7 48 84 115
75 9 82 12 81 22 72 80 23 105 77 26 37 70 85 14 126 108 71 25 102 31 7 28 17 99 8 76 78 60
76 7 102 83 125 47 6 120 70 100 99 74 73 91 118 14 48 119 117 96 115 33 123 71 109 18 27 57 52 51
77 80 72 78 9 37 81 31 105 82 17 75 22 25 93 87 29 85 62 28 8 126 108 32 57 103 71 20 12 109
78 77 87 72 80 82 93 81 8 32 108 9 29 28 26 35 105 37 20 85 12 17 23 75 115 22 60 57 109 103
79 80 99 20 71 36 72 9 77 29 50 86 75 84 93 78 23 88 40 60 19 82 87 32 52 59 57 55 13 41
80 77 72 82 93 78 9 37 105 81 8 62 75 29 17 12 31 25 20 28 22 103 35 99 108 88 26 115 111 126
81 72 82 9 26 22 75 78 12 8 77 80 23 29 105 32 88 35 17 62 108 25 85 28 20 37 54 48 99 45
82 72 9 80 75 81 78 26 28 29 12 32 25 77 22 8 37 35 99 105 23 108 103 49 62 31 17 102 21 20
83 91 76 125 73 100 123 74 7 16 96 121 10 122 11 106 97 70 120 102 118 47 6 109 99 115 14 117 71 48
84 63 98 115 48 97 109 95 122 71 18 117 86 119 99 43 88 121 45 10 42 106 58 33 118 74 90 40 51 24
85 40 51 22 60 55 37 57 56 21 54 119 53 86 48 105 46 71 38 31 108 68 9 13 117 39 64 94 70 66
86 38 18 95 59 45 60 58 115 63 54 52 119 48 98 53 51 117 46 13 21 109 17 56 30 43 49 24 55 40
87 78 62 93 88 109 18 115 20 77 108 8 117 99 49 81 12 60 48 55 98 80 85 72 92 28 90 26 82 19
88 18 109 117 115 48 99 98 118 43 71 95 49 119 63 84 62 45 87 55 102 86 21 38 24 60 74 56 123 33
89 36 91 121 106 97 10 73 107 41 16 11 96 83 122 100 123 20 74 44 15 120 124 79 3 125 59 35 84 32
90 40 45 46 21 43 18 111 117 33 27 115 24 42 30 71 48 119 118 94 109 99 34 86 63 52 60 98 102 95
91 121 96 11 97 16 100 83 106 10 74 73 122 123 125 76 118 120 47 7 6 14 99 109 70 84 102 115 88 18
92 103 8 104 93 116 108 85 61 113 114 9 126 4 5 62 37 28 55 87 112 0 56 22 68 40 39 82 77 20
93 80 78 62 87 20 92 15 8 77 17 88 0 55 72 56 49 108 82 18 81 28 22 9 98 109 37 115 85 19
94 40 101 34 90 30 43 24 45 85 111 63 21 84 108 115 117 48 46 86 98 99 18 5 27 58 109 119 95 64
95 98 63 18 48 117 109 115 86 119 53 58 45 54 38 46 49 59 43 84 60 21 51 55 88 56 71 13 42 30
96 74 10 121 73 91 123 106 16 122 11 100 97 47 120 83 6 76 102 125 99 118 14 7 71 115 70 84 109 18
97 121 122 10 106 91 16 96 11 74 123 73 100 84 83 109 115 125 88 98 63 120 117 95 18 48 118 76 47 41
98 95 63 18 109 48 115 117 119 58 86 43 38 53 46 71 45 60 88 54 55 84 49 51 59 56 21 24 42 30
99 117 102 7 88 47 33 18 48 118 109 71 119 76 115 70 6 100 51 40 14 55 86 98 84 90 60 120 27 123
100 73 74 91 96 123 118 11 16 122 120 10 121 83 47 106 6 102 76 97 125 70 99 14 115 109 7 48 117 18
101 30 66 64 68 94 39 69 42 65 28 86 67 40 34 22 13 24 63 45 37 21 59 32 5 51 98 38 111 25
102 76 47 6 7 99 70 120 118 100 119 48 73 14 74 71 33 117 115 18 83 109 125 123 96 51 88 45 27 60
103 104 116 4 92 61 8 108 114 113 5 39 25 9 12 37 22 126 31 85 68 82 17 72 13 62 80 28 78 105
104 116 4 61 113 5 114 103 108 8 22 92 25 126 39 31 1 12 68 40 105 85 28 37 17 34 9 29 66 26
105 37 23 31 25 111 29 9 28 26 60 45 22 46 21 53 108 49 12 50 85 17 35 13 119 32 55 66 65 80
106 121 16 11 10 97 96 122 91 74 73 123 100 83 125 6 84 120 41 118 47 70 14 124 115 109 88 36 63 7
107 3 89 2 0 83 125 80 76 91 75 1 19 113 126 62 100 34 120 112 114 73 92 31 103 71 116 40 84 9
108 104 4 9 8 103 105 111 61 85 40 116 78 12 113 72 22 37 34 25 92 28 94 31 81 45 75 126 87 5
109 115 117 18 48 119 98 63 95 88 71 45 43 86 99 56 49 60 118 53 38 84 52 46 55 58 54 21 33 17
110 18 60 119 45 117 86 12 115 48 54 38 95 46 109 90 56 40 21 99 30 51 111 52 71 105 63 98 85 58
111 45 24 21 46 90 105 27 63 18 25 115 40 117 43 29 108 119 48 30 28 86 109 34 94 95 33 31 37 44
112 92 124 1 104 116 4 108 113 94 114 0 39 103 5 44 101 8 41 111 2 126 84 19 3 61 110 93 90 122
113 114 116 61 5 104 4 103 108 126 1 22 92 40 8 85 34 25 39 31 43 37 94 33 17 101 9 75 13 81
114 113 116 61 5 104 4 103 1 126 22 39 92 108 25 40 8 31 85 34 101 37 94 66 13 65 69 17 43 28
115 109 117 18 48 119 98 63 71 45 95 86 54 60 43 88 56 58 53 38 46 84 52 99 21 51 33 49 42 55
116 113 114 104 61 5 4 103 108 92 1 25 22 39 31 8 40 126 85 13 67 68 17 66 28 37 34 101 65 105
117 109 119 18 115 48 98 71 95 88 45 63 60 99 118 49 46 43 86 53 56 52 55 54 21 38 58 33 90 51
118 100 117 102 99 109 71 88 18 48 119 91 115 70 47 125 76 6 90 123 73 74 83 14 98 122 60 84 7 120
119 117 48 115 109 18 98 45 71 95 60 56 86 53 52 49 54 38 58 63 46 99 102 43 51 21 42 33 55 12
120 73 74 123 47 100 96 102 6 76 10 16 91 83 11 99 7 122 121 70 118 106 97 14 125 33 48 109 115 117
121 97 106 10 91 122 16 96 11 74 123 73 100 83 84 125 120 118 109 47 41 88 115 124 98 6 63 18 95 99
122 97 121 10 16 106 96 11 74 123 91 73 100 83 84 47 109 120 118 115 88 98 6 99 63 125 95 18 71 48
123 74 10 96 16 100 122 73 91 121 120 11 106 97 83 47 118 109 6 102 99 76 125 88 115 14 48 98 18 70
124 44 41 36 10 121 106 111 97 11 16 112 122 96 73 91 84 74 63 123 1 90 24 98 100 95 99 120 89 18
125 14 76 70 83 7 6 11 91 16 100 106 118 102 57 74 121 123 97 73 71 96 99 122 84 10 48 120 117 88
126 22 69 68 66 61 39 25 8 37 104 85 113 65 4 114 5 9 72 75 31 108 103 34 28 116 40 92 64 101
