0 112 92 62 39 87 37 68 82 69 101 66 104 113 25 103 114 126 108 22 93 80 105 31 116 61 9 28 2 67
1 44 33 111 124 30 40 21 45 24 101 46 42 27 36 41 108 90 72 94 31 4 34 74 92 81 6 126 93 12
2 3 93 0 41 40 114 43 85 86 58 14 42 9 10 89 84 75 121 5 33 71 44 122 123 18 73 101 24 11
3 2 112 85 19 41 89 114 40 93 90 75 0 82 43 42 106 62 101 6 47 117 44 124 100 21 10 1 24 9
4 28 67 64 37 65 103 66 111 116 31 29 25 68 105 61 69 104 108 34 20 78 8 26 110 39 15 101 22 17
5 109 38 86 13 59 32 37 20 25 35 53 15 110 65 67 66 69 17 64 116 28 87 31 22 60 23 105 29 50
6 16 115 121 117 125 91 106 47 10 63 119 48 18 100 97 71 96 14 84 7 98 120 99 123 73 70 122 95 46
7 119 91 125 120 70 50 47 115 16 6 63 106 117 95 97 55 56 98 48 30 54 100 10 18 96 60 99 71 121
8 104 108 37 61 105 62 78 31 25 81 28 26 32 79 4 116 22 111 66 92 103 113 107 20 29 35 101 69 80
9 81 72 77 78 23 113 80 42 32 104 29 25 12 28 22 35 62 26 8 30 20 108 5 101 37 87 45 21 116
10 14 106 16 48 71 96 115 73 18 121 123 47 122 125 117 84 83 6 100 98 63 99 119 118 95 102 97 120 91
11 83 73 121 18 14 48 71 102 98 106 10 118 58 96 115 117 52 123 88 122 47 16 63 125 57 6 100 84 51
12 77 72 81 35 78 87 62 92 113 30 8 9 32 108 25 19 124 104 79 13 1 29 37 80 107 21 26 42 105
13 17 38 35 110 109 15 5 59 57 67 53 37 56 86 50 60 20 106 25 91 26 115 95 71 29 64 49 54 70
14 10 73 96 121 106 16 115 18 71 48 117 83 122 47 125 123 11 84 98 6 63 118 91 99 120 97 58 102 119
15 38 13 109 17 67 53 65 59 35 20 5 86 57 64 37 60 69 116 50 4 87 25 54 31 29 28 68 66 55
16 117 106 10 71 6 48 121 96 18 98 125 47 84 73 14 115 123 99 122 63 95 118 91 100 7 119 70 83 97
17 13 38 50 109 35 56 54 37 60 59 29 15 20 57 53 49 110 115 86 7 70 91 71 55 31 26 125 95 106
18 48 121 98 117 118 106 96 122 10 16 14 71 63 47 73 11 123 6 115 125 84 100 102 99 97 83 119 91 95
19 12 45 24 27 21 112 30 81 94 44 92 33 107 1 119 42 114 93 87 110 49 124 90 62 46 113 100 13 6
20 26 35 29 38 37 32 64 28 109 59 69 87 53 67 116 66 5 25 17 86 15 31 50 78 68 56 55 60 13
21 24 45 30 46 44 42 36 33 27 88 106 121 1 90 100 6 58 70 98 111 115 52 97 101 14 73 85 47 94
22 69 37 66 25 28 62 31 105 116 23 61 39 103 108 64 104 67 80 92 65 29 32 113 8 20 4 5 38 81
23 80 25 32 116 28 104 61 22 101 82 113 66 69 64 67 62 29 35 31 20 9 37 81 39 92 53 26 103 78
24 45 46 21 33 30 36 44 27 42 88 85 90 6 74 106 98 111 121 1 100 91 115 49 7 70 56 119 94 97
25 69 37 66 116 28 64 31 23 105 35 32 22 61 67 20 5 104 62 80 65 108 29 8 4 26 113 39 38 109
26 29 20 35 28 64 67 37 32 78 66 31 105 116 38 17 69 25 81 56 57 8 60 103 13 4 50 109 53 111
27 45 42 24 46 36 30 85 44 33 21 90 6 94 88 91 7 124 70 117 111 121 49 119 95 16 97 47 106 1
28 25 37 69 20 116 4 64 66 61 26 29 22 31 67 23 32 65 105 68 113 101 104 103 8 111 108 35 86 78
29 26 20 37 35 64 28 116 32 17 67 69 66 25 4 31 77 78 86 38 111 105 60 81 108 56 23 22 57 34
30 45 44 24 42 21 46 27 33 36 90 7 88 124 85 1 119 6 47 70 106 50 94 91 56 98 117 115 125 16
31 37 25 66 105 116 69 28 22 8 65 32 108 4 26 64 20 68 35 29 17 101 61 23 104 111 39 67 38 103
32 35 20 37 66 23 25 59 29 5 109 26 64 116 87 28 38 104 31 69 113 80 53 61 65 67 8 22 17 50
33 44 24 45 46 36 30 21 27 111 1 42 88 124 90 74 101 85 56 94 6 84 100 50 49 7 106 40 47 63
34 69 67 64 4 111 29 65 20 25 28 116 26 105 94 66 68 61 31 33 86 1 17 37 40 100 38 101 36 46
35 38 32 20 87 26 13 37 59 29 53 109 67 64 17 25 50 66 116 12 69 5 15 60 57 31 77 56 78 70
36 46 45 24 33 27 30 44 21 88 42 90 91 6 111 7 50 74 70 56 97 94 55 85 60 49 57 119 54 84
37 31 25 116 66 69 28 108 35 20 29 64 32 105 22 17 4 8 61 86 103 5 104 65 26 68 67 13 38 109
38 35 109 20 13 17 59 50 5 86 56 15 87 32 53 7 37 57 60 26 70 29 52 67 54 49 65 91 25 64
39 126 114 66 104 22 25 103 31 23 69 37 61 4 113 105 62 92 112 108 68 116 101 8 65 28 64 67 80 1
40 1 111 41 124 101 43 33 74 94 44 31 34 30 114 4 108 42 39 64 27 21 90 46 24 45 36 67 116 89
41 43 74 40 76 1 111 90 33 24 46 6 36 121 85 84 100 119 45 21 47 14 44 10 27 124 16 30 89 60
42 30 27 24 45 46 21 36 33 85 44 88 70 90 6 98 117 91 1 7 63 72 123 124 55 106 121 94 111 76
43 41 74 40 76 111 1 90 89 33 34 124 24 46 36 121 85 47 14 60 56 94 119 101 6 55 45 27 88 84
44 33 30 45 24 46 21 36 27 1 124 90 42 111 6 7 88 106 85 101 47 117 121 94 48 74 119 16 50 54
45 24 46 30 36 44 33 21 27 42 90 88 94 7 6 85 119 91 56 111 1 74 50 47 97 70 49 121 106 60
46 36 24 45 21 44 33 27 30 42 6 91 88 90 70 60 74 106 97 85 49 111 50 94 56 7 57 119 1 115
47 106 16 119 115 10 48 96 121 18 6 14 7 71 122 117 73 84 98 100 125 123 118 83 97 102 91 63 70 95
48 18 98 121 117 106 10 16 63 71 118 96 47 122 73 115 14 123 125 84 100 6 11 99 83 119 95 7 120 91
49 55 51 52 56 50 59 70 60 57 95 53 91 125 46 58 17 115 98 7 120 24 97 54 106 36 119 27 45 38
50 56 7 60 55 57 52 54 53 70 49 91 38 17 119 59 120 109 125 115 58 36 35 106 47 46 97 51 45 13
51 49 55 54 120 97 96 57 125 60 70 115 122 106 18 99 58 48 98 71 102 50 14 91 117 56 53 84 52 7
52 58 50 49 56 73 83 11 57 14 70 54 106 95 91 51 38 55 60 121 18 21 98 36 7 97 119 59 46 125
53 59 109 60 57 50 55 35 56 49 20 13 54 91 15 17 38 115 7 5 51 32 116 86 125 46 67 70 58 123
54 50 57 51 7 120 125 60 56 115 96 55 106 17 58 70 53 91 71 97 52 14 98 18 59 49 99 48 10 117
55 49 51 50 60 53 57 70 7 91 120 56 125 54 115 119 59 97 123 36 17 46 52 106 95 117 20 63 6 45
56 50 60 57 49 70 52 7 59 58 53 55 119 91 54 38 17 47 46 45 109 13 36 115 51 24 120 125 30 33
57 50 58 53 60 56 54 55 115 51 49 106 91 52 59 13 125 71 10 70 17 14 46 6 86 7 47 18 117 48
58 52 57 73 56 14 11 54 50 83 51 49 121 106 60 21 59 88 18 115 71 125 10 46 100 96 53 48 117 6
59 109 53 38 35 56 49 50 60 13 20 32 5 57 17 86 55 15 54 64 58 7 51 52 91 87 67 70 119 37
60 50 56 55 53 57 49 119 59 51 54 91 7 115 70 17 125 120 46 97 109 47 35 106 36 58 13 38 14 52
61 104 28 8 105 25 37 69 78 66 23 22 113 32 4 103 108 31 62 101 92 82 29 116 64 80 39 126 35 65
62 103 81 80 92 104 82 8 72 108 22 78 25 37 113 61 23 12 77 28 112 39 87 101 32 116 31 35 124 9
63 98 117 48 91 18 100 70 16 121 6 10 106 99 118 125 95 7 122 14 71 73 96 115 97 47 84 119 123 120
64 67 66 69 25 116 20 37 28 109 35 29 68 65 26 4 32 59 31 34 22 23 105 38 15 53 61 13 60 111
65 66 69 64 67 4 37 15 31 28 105 25 86 5 38 32 116 109 22 20 35 104 34 29 61 68 126 59 39 13
66 69 64 67 25 116 68 105 37 65 31 28 32 22 4 35 20 104 26 61 29 39 109 23 5 101 108 126 111 38
67 64 69 66 116 35 4 109 65 20 13 25 26 29 15 28 37 34 38 68 22 53 5 23 32 105 59 31 57 17
68 66 69 64 105 116 37 126 31 28 4 67 20 25 65 108 61 39 22 15 86 103 29 34 26 109 101 35 114 111
69 66 64 25 67 116 22 37 28 65 105 68 20 31 61 35 34 29 32 26 4 23 104 109 5 86 38 39 15 108
70 91 7 95 97 99 120 125 63 96 115 98 119 100 50 117 16 106 56 55 6 49 48 18 71 122 14 47 51 73
71 106 84 16 10 122 102 115 73 48 123 96 95 83 98 14 18 99 117 121 47 125 6 11 118 63 100 120 97 91
72 81 12 78 77 62 92 9 80 42 113 30 35 87 82 104 79 29 124 108 32 21 1 8 44 45 23 26 103 37
73 83 14 106 10 121 71 16 115 96 48 98 11 18 125 122 123 47 117 100 99 97 84 102 58 6 118 95 120 63
74 41 24 100 46 36 45 33 76 6 119 111 7 47 43 44 50 18 56 84 85 122 21 121 88 27 90 60 63 16
75 30 42 93 33 44 45 27 21 24 88 90 46 86 36 121 6 98 1 14 119 9 7 63 54 79 117 84 110 47
76 121 84 117 88 118 98 41 74 24 16 6 85 48 97 115 18 42 125 46 120 45 36 123 91 122 106 43 27 63
77 81 12 78 72 92 29 9 35 87 62 79 20 26 108 30 32 25 104 8 113 37 17 80 42 107 38 7 61 56
78 77 81 72 26 104 12 8 62 61 29 92 20 35 9 87 105 108 37 28 4 103 32 25 42 30 80 38 50 56
79 8 108 36 113 77 81 32 29 11 72 26 83 30 45 7 116 35 94 28 102 37 46 78 44 50 111 12 70 52
80 82 23 62 92 113 25 81 104 32 72 22 61 9 116 103 78 37 108 8 28 77 66 31 69 35 12 29 39 101
81 77 72 78 12 62 9 92 80 124 113 104 8 29 35 26 87 23 108 25 28 103 79 32 61 101 82 22 30 42
82 80 62 23 61 113 72 92 78 81 32 104 22 103 28 25 116 37 9 101 0 12 77 35 8 112 108 87 126 29
83 73 11 71 106 10 14 102 115 121 123 48 96 18 47 16 122 52 125 98 100 6 58 84 95 117 120 97 118 99
84 122 71 16 106 102 10 118 117 121 48 99 115 96 47 14 98 18 97 6 120 88 95 73 123 125 100 63 91 7
85 27 24 16 106 117 96 42 98 14 6 123 88 10 48 84 45 121 30 18 47 63 46 118 90 122 71 44 115 33
86 5 38 37 59 20 13 17 105 57 109 29 65 15 53 60 69 35 10 28 91 7 96 119 32 14 56 66 106 47
87 35 20 38 32 109 77 12 59 78 81 53 25 30 72 15 62 26 107 5 13 37 42 92 44 56 21 52 50 17
88 24 121 84 45 118 122 36 98 46 14 21 30 71 33 117 6 85 48 102 18 27 73 115 11 97 42 63 76 106
89 54 41 60 43 57 76 40 44 30 72 50 79 46 87 24 81 124 49 42 55 33 1 9 90 21 51 56 45 36
90 45 30 36 46 24 27 44 33 85 21 42 6 119 88 47 94 121 41 111 74 97 1 16 7 106 76 84 122 118
91 70 7 125 115 6 97 119 120 63 95 117 106 16 98 50 96 14 55 100 18 48 10 71 46 99 36 47 73 56
92 62 104 81 113 80 72 77 103 78 37 22 61 112 12 25 8 23 108 39 82 107 35 66 87 31 32 69 105 1
93 24 75 42 30 85 21 87 27 45 1 44 33 119 107 46 91 7 88 86 6 70 36 47 8 63 124 98 106 115
94 45 27 46 36 30 24 33 44 111 21 56 42 90 37 52 50 7 119 116 108 1 74 55 57 124 34 113 70 85
95 99 70 71 125 98 16 91 122 117 115 106 63 97 120 84 119 96 7 48 10 102 73 123 6 18 47 49 14 100
96 18 10 14 106 99 16 123 122 71 115 48 73 47 97 70 121 125 120 102 98 118 117 84 6 95 83 100 51 91
97 120 70 91 96 115 6 122 119 106 84 125 118 95 73 18 7 98 99 51 121 71 10 16 47 14 117 48 102 63
98 48 18 117 63 106 121 118 16 71 73 115 122 99 95 125 10 96 70 14 84 123 47 100 6 91 97 120 88 7
99 96 95 125 70 122 16 71 117 98 84 63 48 10 106 73 120 18 115 6 123 97 102 14 91 100 121 118 47 7
100 63 121 10 48 6 106 73 16 18 70 47 98 115 118 122 71 96 91 123 7 99 117 14 84 97 125 95 83 119
101 111 124 44 33 1 23 31 28 45 21 105 61 40 66 116 36 25 30 37 113 4 108 46 24 20 8 62 42 81
102 122 71 84 83 96 123 118 106 18 73 11 95 99 10 115 47 14 48 97 120 16 88 98 125 117 51 121 6 70
103 62 104 4 37 92 108 105 22 61 126 28 39 26 25 80 78 113 31 8 81 66 23 116 69 29 68 32 72 20
104 8 61 92 103 62 37 78 66 113 25 23 32 80 105 81 39 22 108 69 4 28 31 35 116 65 9 72 64 29
105 66 31 69 37 25 61 8 68 108 22 65 86 104 111 103 28 116 26 4 29 64 67 101 126 20 78 35 17 39
106 16 10 48 71 115 18 73 98 96 47 117 121 14 123 84 6 122 125 83 118 63 100 91 97 95 102 99 119 120
107 7 8 87 91 70 92 30 119 20 44 21 45 77 6 42 35 38 104 62 97 112 115 125 24 120 12 81 27 72
108 37 111 8 62 105 116 31 103 25 113 22 104 61 4 29 126 28 78 81 66 79 101 92 69 1 112 32 72 80
109 59 53 38 5 35 13 17 64 20 50 15 67 32 56 60 37 86 87 116 66 69 65 49 57 25 52 54 26 55
110 13 17 5 4 37 109 59 47 38 32 48 106 86 35 123 25 100 10 119 20 31 115 65 53 71 67 56 60 18
111 101 33 124 108 36 1 44 46 40 24 4 45 105 21 27 116 74 29 30 28 94 34 31 56 55 42 50 7 66
112 92 62 114 108 39 0 126 8 107 104 113 1 19 61 101 68 103 80 22 25 82 3 111 31 37 105 77 69 94
113 92 80 104 32 81 108 23 61 28 25 62 72 37 116 82 9 22 12 66 103 79 101 39 8 69 114 31 35 77
114 39 112 113 126 101 108 62 68 1 37 66 40 103 8 4 105 25 22 69 28 31 92 65 111 104 21 34 61 19
115 125 106 10 6 71 91 120 16 14 47 96 73 48 119 98 123 121 117 7 70 97 18 84 95 83 122 100 99 57
116 69 66 25 37 64 67 28 23 31 29 20 32 68 35 108 4 22 105 26 53 109 111 65 50 113 101 61 104 8
117 16 48 98 121 18 63 106 6 125 10 71 99 14 115 84 96 118 95 47 91 73 122 123 70 7 119 120 97 100
118 18 98 122 48 84 121 96 106 117 16 63 102 97 71 10 88 100 47 14 73 115 123 11 99 6 120 70 95 125
119 7 47 91 125 120 115 6 97 70 106 16 95 10 48 18 96 121 50 117 60 122 14 56 98 71 63 73 123 99
120 125 97 7 115 91 70 119 96 84 122 99 95 106 51 6 98 71 73 48 10 16 14 117 55 50 54 18 123 102
121 48 18 117 14 98 16 106 6 10 73 47 100 96 71 11 115 118 84 63 88 83 122 123 125 97 119 99 91 7
122 84 71 102 18 118 96 99 10 106 48 16 98 14 73 95 97 47 117 125 121 115 120 123 63 88 100 6 119 70
123 106 96 10 71 16 115 48 73 18 14 102 98 121 117 125 83 122 47 84 6 99 95 100 118 120 63 97 119 91
124 111 44 33 30 1 101 40 27 81 24 42 45 21 36 46 72 108 28 29 26 94 105 4 12 62 103 23 116 7
125 115 120 91 7 6 16 117 99 119 10 106 70 95 96 48 73 98 71 14 18 122 63 97 123 47 121 84 51 54
126 39 68 103 37 108 105 66 61 116 31 69 28 65 22 114 8 4 104 112 1 62 20 101 25 111 32 5 23 80
